Height;roughness;numHoles;holeDepth;break;maxHeightDiff
0.008295507779871425;0.23402539561819735;0.7850781022399349;0.6465080008074436;0.22672932932165346;0.413891489826804;59
0.10551980714074881;0.25189947176127614;0.650118878339411;0.5917665074738171;0.17937856630158378;0.3469775223813563;36
0.17574321723258166;0.31859824126234443;0.6173153597018584;0.5657240184473933;0.22063692742396648;0.3432301125281585;36
0.23172027035393186;0.3490566421414796;0.6251601600913065;0.5040453726497623;0.2681230705563367;0.3281588524852435;40
0.2449236237217277;0.3350382152473287;0.5735007695900415;0.5337893000931142;0.2810489548379029;0.3673406433232754;48
0.3290391824534119;0.33494403650688;0.5787195251267986;0.4639901286370315;0.2890293643835346;0.38184369460202144;71
0.38728658796755544;0.33420563779822215;0.5529408126970973;0.39823075876829556;0.28080655244580166;0.44173758157138565;92
0.3913916050544412;0.31553966949207823;0.5687342904220669;0.383185147571694;0.2813841621480674;0.4447254561418038;49
0.36132173152994895;0.3454884264563098;0.5828060781021462;0.3623168320446554;0.2996643337107042;0.4351427687035398;36
0.3333798154304634;0.3546102395464287;0.6230949943856071;0.353414953993318;0.29058947869313506;0.40683870244941994;44
0.4077779743414329;0.3588606300922061;0.6219192966094409;0.31903429769992975;0.3020305740216163;0.35376151509728443;34
0.41661173242505606;0.32569798839577935;0.6223344493216687;0.3311332886478382;0.33106537429454563;0.3373451956686378;45
0.3843575475790905;0.3351100843111065;0.6258042402361619;0.350019048848577;0.3285382178903729;0.34334947901953444;60
0.35192000780119265;0.32034043758323427;0.6442837878988584;0.31844310710604296;0.34004241586726996;0.3760290623830682;54
0.38327540315024033;0.34049090867454657;0.6413324953753463;0.29005263613979704;0.32486082313659337;0.36904396849833926;50
0.3974013312943664;0.35206012564344275;0.6476770323691958;0.30259201943878716;0.30674950184271416;0.3361296244754744;24
0.3885839653567224;0.36924965826578154;0.629602572302865;0.3177458915846597;0.3100202266422801;0.3452286201078987;34