Height; Roughness; NumHoles; HoleDepth; Breake; MaxHeightDiff; Score

0.0733328168660965;0.8277793658609546;0.8556310703562051;0.41404759137336955;0.025941691176220805;0.398920443148574;0
0.18400807034083216;0.6050375193035147;0.6651223127740757;0.32546830160851425;0.08863279198622477;0.20951742688223515;0
0.05473570545522621;0.5409222805136503;0.451955268022861;0.06662188678885117;0.31029790733240614;0.1371179094121029;0
0.46389145518892416;0.266461547404265;0.19780606541530343;0.0789198723049217;0.4712660932632048;0.811171826447568;0
0.05169763051674103;0.6857686890118337;0.2373341261509263;0.9297121316797611;0.9082357284251323;0.623121728680425;0
0.23280467208160557;0.29364006016926675;0.25055143688660825;0.5544811146764044;0.5579082169215507;0.4220078105360722;0
0.43852476617700376;0.24197373215593065;0.5305986962454348;0.6607365092721665;0.24284599602975177;0.5607575579100538;0
0.3669733113761015;0.2449218677881203;0.6116418872521852;0.35391082309097266;0.2497273322224784;0.49358024475817197;0
0.4668032891595397;0.30937224271292313;0.4933815259564276;0.3437362697449978;0.39514620285908386;0.4106860476585004;0
0.40191977159009595;0.3352335783265754;0.5243733190782763;0.36932396858160477;0.30260259577285037;0.4723801886921425;0
0.598607489021836;0.8540476061492538;0.03121499975892794;0.34856874135556604;0.5282487733854945;0.14219219470976863;0
0.588674201808463;0.6958301575632793;0.12115872132734964;0.25589176131668984;0.27782909718581783;0.10924302927010167;0