
0.5002383744625766;0.41675486907433484;0.5505769506663588;0.44852653006775667;0.26789162181409215;0.0;31
0.5002383744625766;0.41675486907433484;0.5505769506663588;0.44852653006775667;0.26789162181409215;0.0;31
0.5002383744625766;0.41675486907433484;0.5505769506663588;0.44852653006775667;0.26789162181409215;0.0;31
0.5002383744625766;0.41675486907433484;0.5505769506663588;0.44852653006775667;0.26789162181409215;0.0;62
0.5002383744625767;0.41675486907433495;0.5505769506663589;0.4485265300677568;0.2678916218140922;0.0;31
0.5002383744625767;0.41675486907433495;0.5505769506663589;0.4485265300677568;0.2678916218140922;0.0;31
0.5315348055045553;0.3488959358401475;0.16059074132089685;0.593996976085568;0.37917742676166194;0.2708229342745409;23
0.5315348055045553;0.3488959358401475;0.16059074132089685;0.593996976085568;0.37917742676166194;0.2708229342745409;23
0.5315348055045553;0.3488959358401475;0.16059074132089685;0.593996976085568;0.37917742676166194;0.2708229342745409;23
0.5315348055045553;0.3488959358401475;0.16059074132089685;0.593996976085568;0.37917742676166194;0.2708229342745409;46
0.5315348055045555;0.34889593584014755;0.16059074132089687;0.5939969760855681;0.37917742676166205;0.27082293427454096;23
0.5315348055045555;0.34889593584014755;0.16059074132089687;0.5939969760855681;0.37917742676166205;0.27082293427454096;23
0.36563375367379064;0.4510020294808549;0.1173764797929061;0.7054081083600341;0.3873430440874227;0.038686644038953076;8
0.36563375367379064;0.4510020294808549;0.1173764797929061;0.7054081083600341;0.3873430440874227;0.038686644038953076;8
0.36563375367379064;0.4510020294808549;0.1173764797929061;0.7054081083600341;0.3873430440874227;0.038686644038953076;54
0.36563375367379064;0.4510020294808549;0.1173764797929061;0.7054081083600341;0.3873430440874227;0.038686644038953076;62
0.36563375367379064;0.4510020294808549;0.1173764797929061;0.7054081083600341;0.3873430440874227;0.038686644038953076;8
0.36563375367379064;0.4510020294808549;0.1173764797929061;0.7054081083600342;0.3873430440874227;0.038686644038953076;8
0.41913454037594133;0.4919115532239213;0.243324360523933;0.7020323048749623;0.17404930151036174;0.0;8
0.41913454037594133;0.4919115532239213;0.243324360523933;0.7020323048749623;0.17404930151036174;0.0;8
0.41913454037594133;0.4919115532239213;0.243324360523933;0.7020323048749623;0.17404930151036174;0.0;70
0.41913454037594133;0.4919115532239213;0.243324360523933;0.7020323048749623;0.17404930151036174;0.0;78
0.41913454037594133;0.4919115532239213;0.243324360523933;0.7020323048749623;0.17404930151036174;0.0;8
0.41913454037594133;0.4919115532239213;0.243324360523933;0.7020323048749623;0.17404930151036174;0.0;8
0.042155013699398364;0.589234644890018;0.0;0.6835165069664751;0.41749809234632324;0.09760130979073768;4
0.042155013699398364;0.589234644890018;0.0;0.6835165069664751;0.41749809234632324;0.09760130979073768;4
0.042155013699398364;0.589234644890018;0.0;0.6835165069664751;0.41749809234632324;0.09760130979073768;82
0.042155013699398364;0.589234644890018;0.0;0.6835165069664751;0.41749809234632324;0.09760130979073768;86
0.042155013699398364;0.589234644890018;0.0;0.6835165069664751;0.41749809234632324;0.09760130979073768;4
0.042155013699398364;0.589234644890018;0.0;0.6835165069664751;0.4174980923463233;0.0976013097907377;4
0.17548238213542716;0.8490486512836651;0.0;0.34972081099361585;0.0;0.3549896838943816;6
0.17548238213542716;0.8490486512836651;0.0;0.34972081099361585;0.0;0.3549896838943816;6
0.17548238213542716;0.8490486512836651;0.0;0.34972081099361585;0.0;0.3549896838943816;92
0.17548238213542716;0.8490486512836651;0.0;0.34972081099361585;0.0;0.3549896838943816;98
0.17548238213542713;0.8490486512836651;0.0;0.34972081099361585;0.0;0.3549896838943816;6
0.17548238213542713;0.849048651283665;0.0;0.3497208109936158;0.0;0.35498968389438157;6
0.0;0.7536095498504656;0.0;0.6573223306523055;0.0;0.0;5
0.0;0.7536095498504656;0.0;0.6573223306523055;0.0;0.0;5
0.0;0.7536095498504656;0.0;0.6573223306523055;0.0;0.0;103
0.0;0.7536095498504656;0.0;0.6573223306523055;0.0;0.0;108
0.0;0.7536095498504656;0.0;0.6573223306523055;0.0;0.0;5
0.0;0.7536095498504656;0.0;0.6573223306523055;0.0;0.0;5
0.02642806644781357;0.5892175733234234;0.3266148753141436;0.7269048787540703;0.0;0.13059949868871198;7
0.02642806644781357;0.5892175733234234;0.3266148753141436;0.7269048787540703;0.0;0.13059949868871198;7
0.02642806644781357;0.5892175733234234;0.3266148753141436;0.7269048787540703;0.0;0.13059949868871198;115
0.02642806644781357;0.5892175733234234;0.3266148753141436;0.7269048787540703;0.0;0.13059949868871198;122
0.026428066447813578;0.5892175733234235;0.3266148753141437;0.7269048787540704;0.0;0.130599498688712;7
0.026428066447813578;0.5892175733234235;0.3266148753141437;0.7269048787540704;0.0;0.130599498688712;7
0.3401219433035126;0.16865061346024957;0.43511424672433097;0.6938247829618135;0.41103361048905973;0.12731130412010525;10
0.3401219433035126;0.16865061346024957;0.43511424672433097;0.6938247829618135;0.41103361048905973;0.12731130412010525;10
0.3401219433035126;0.16865061346024957;0.43511424672433097;0.6938247829618135;0.41103361048905973;0.12731130412010525;132
0.3401219433035126;0.16865061346024957;0.43511424672433097;0.6938247829618135;0.41103361048905973;0.12731130412010525;142
0.3401219433035126;0.16865061346024957;0.435114246724331;0.6938247829618135;0.4110336104890598;0.12731130412010525;10
0.3401219433035126;0.16865061346024957;0.43511424672433097;0.6938247829618135;0.41103361048905973;0.12731130412010525;10
0.3375373417312159;0.2094190069716468;0.5441013942830214;0.6986456208732691;0.24095682524035372;0.0;33
0.3375373417312159;0.2094190069716468;0.5441013942830214;0.6986456208732691;0.24095682524035372;0.0;33
0.3375373417312159;0.2094190069716468;0.5441013942830214;0.6986456208732691;0.24095682524035372;0.0;175
0.3375373417312159;0.2094190069716468;0.5441013942830214;0.6986456208732691;0.24095682524035372;0.0;208
0.3375373417312159;0.2094190069716468;0.5441013942830214;0.6986456208732691;0.24095682524035372;0.0;33
0.3375373417312159;0.2094190069716468;0.5441013942830214;0.6986456208732691;0.24095682524035372;0.0;33
0.5484083684537673;0.0;0.3757953300326376;0.425451819704677;0.0;0.614017003384692;19
0.5484083684537673;0.0;0.3757953300326376;0.425451819704677;0.0;0.614017003384692;19
0.5484083684537673;0.0;0.3757953300326376;0.425451819704677;0.0;0.614017003384692;19
0.5484083684537673;0.0;0.3757953300326376;0.425451819704677;0.0;0.614017003384692;38
0.5484083684537673;0.0;0.3757953300326376;0.42545181970467705;0.0;0.614017003384692;19
0.5484083684537673;0.0;0.3757953300326376;0.42545181970467705;0.0;0.614017003384692;19
0.5263249292069677;0.06015925537644766;0.3289736119823547;0.34970505570837407;0.26894660626934375;0.6453784877847419;15
0.5263249292069677;0.06015925537644766;0.3289736119823547;0.34970505570837407;0.26894660626934375;0.6453784877847419;15
0.5263249292069677;0.06015925537644766;0.3289736119823547;0.34970505570837407;0.26894660626934375;0.6453784877847419;53
0.5263249292069677;0.06015925537644766;0.3289736119823547;0.34970505570837407;0.26894660626934375;0.6453784877847419;68
0.5263249292069678;0.06015925537644767;0.32897361198235475;0.3497050557083741;0.2689466062693438;0.645378487784742;15
0.5263249292069678;0.06015925537644767;0.32897361198235475;0.3497050557083741;0.2689466062693438;0.645378487784742;15
0.349028411011032;0.7257534826375307;0.043628443036597846;0.5660926975797056;0.06861819113098866;0.15616725424254269;11
0.349028411011032;0.7257534826375307;0.043628443036597846;0.5660926975797056;0.06861819113098866;0.15616725424254269;11
0.349028411011032;0.7257534826375307;0.043628443036597846;0.5660926975797056;0.06861819113098866;0.15616725424254269;11
0.349028411011032;0.7257534826375307;0.043628443036597846;0.5660926975797056;0.06861819113098866;0.15616725424254269;22
0.349028411011032;0.7257534826375307;0.043628443036597846;0.5660926975797056;0.06861819113098866;0.15616725424254269;11
0.349028411011032;0.7257534826375307;0.043628443036597846;0.5660926975797056;0.06861819113098866;0.15616725424254269;11
0.5575022444996338;0.7144904997358622;0.21146145039180786;0.3204979303066466;0.12395005940539906;0.1260796875226755;18
0.5575022444996338;0.7144904997358622;0.21146145039180786;0.3204979303066466;0.12395005940539906;0.1260796875226755;18
0.5575022444996338;0.7144904997358622;0.21146145039180786;0.3204979303066466;0.12395005940539906;0.1260796875226755;40
0.5575022444996338;0.7144904997358622;0.21146145039180786;0.3204979303066466;0.12395005940539906;0.1260796875226755;58
0.5575022444996338;0.7144904997358622;0.21146145039180786;0.3204979303066466;0.12395005940539908;0.1260796875226755;18
0.5575022444996338;0.7144904997358622;0.21146145039180786;0.3204979303066466;0.12395005940539906;0.1260796875226755;18
0.3704598531077747;0.7471921913423445;0.46675174477748876;0.11218692022039549;0.0;0.2720665913173168;10
0.3704598531077747;0.7471921913423445;0.46675174477748876;0.11218692022039549;0.0;0.2720665913173168;10
0.3704598531077747;0.7471921913423445;0.46675174477748876;0.11218692022039549;0.0;0.2720665913173168;68
0.3704598531077747;0.7471921913423445;0.46675174477748876;0.11218692022039549;0.0;0.2720665913173168;78
0.3704598531077747;0.7471921913423445;0.46675174477748876;0.11218692022039549;0.0;0.2720665913173168;10
0.3704598531077747;0.7471921913423445;0.4667517447774887;0.11218692022039549;0.0;0.2720665913173168;10
0.5703173174474222;0.7647107832646017;0.22781193161700863;0.0;0.0;0.19508280085989887;11
0.5703173174474222;0.7647107832646017;0.22781193161700863;0.0;0.0;0.19508280085989887;11
0.5703173174474222;0.7647107832646017;0.22781193161700863;0.0;0.0;0.19508280085989887;89
0.5703173174474222;0.7647107832646017;0.22781193161700863;0.0;0.0;0.19508280085989887;100
0.5703173174474222;0.7647107832646017;0.22781193161700866;0.0;0.0;0.19508280085989887;11
0.5703173174474222;0.7647107832646017;0.22781193161700863;0.0;0.0;0.19508280085989887;11
0.0;0.4839767426529573;0.0;0.5668391474199277;0.6666782533751063;0.0;8
0.0;0.4839767426529573;0.0;0.5668391474199277;0.6666782533751063;0.0;8
0.0;0.4839767426529573;0.0;0.5668391474199277;0.6666782533751063;0.0;8
0.0;0.4839767426529573;0.0;0.5668391474199277;0.6666782533751063;0.0;16
0.0;0.4839767426529574;0.0;0.5668391474199278;0.6666782533751064;0.0;8
0.0;0.4839767426529574;0.0;0.5668391474199278;0.6666782533751064;0.0;8
0.0;0.48989463999384464;0.0;0.39505824198143696;0.7771049416410551;0.006335363043250806;10
0.0;0.48989463999384464;0.0;0.39505824198143696;0.7771049416410551;0.006335363043250806;10
0.0;0.48989463999384464;0.0;0.39505824198143696;0.7771049416410551;0.006335363043250806;26
0.0;0.48989463999384464;0.0;0.39505824198143696;0.7771049416410551;0.006335363043250806;36
0.0;0.48989463999384475;0.0;0.3950582419814371;0.7771049416410554;0.006335363043250807;10
0.0;0.4898946399938447;0.0;0.3950582419814371;0.7771049416410554;0.0063353630432508076;10
0.1333770873276593;0.18629798285142962;0.04329895514558916;0.565202863175701;0.7906656940962128;0.03197339960220859;11
0.1333770873276593;0.18629798285142962;0.04329895514558916;0.565202863175701;0.7906656940962128;0.03197339960220859;11
0.1333770873276593;0.18629798285142962;0.04329895514558916;0.565202863175701;0.7906656940962128;0.03197339960220859;47
0.1333770873276593;0.18629798285142962;0.04329895514558916;0.565202863175701;0.7906656940962128;0.03197339960220859;58
0.13337708732765932;0.18629798285142965;0.043298955145589166;0.5652028631757011;0.7906656940962129;0.031973399602208595;11
0.1333770873276593;0.18629798285142962;0.043298955145589166;0.565202863175701;0.7906656940962129;0.03197339960220859;11
0.4240026910580095;0.09090649216200039;0.09174571916481783;0.14617162899785555;0.8844061880999081;0.0;45
0.4240026910580095;0.09090649216200039;0.09174571916481783;0.14617162899785555;0.8844061880999081;0.0;45
0.4240026910580095;0.09090649216200039;0.09174571916481783;0.14617162899785555;0.8844061880999081;0.0;103
0.4240026910580095;0.09090649216200039;0.09174571916481783;0.14617162899785555;0.8844061880999081;0.0;148
0.4240026910580095;0.0909064921620004;0.09174571916481783;0.14617162899785555;0.8844061880999081;0.0;45
0.4240026910580095;0.09090649216200039;0.09174571916481783;0.14617162899785555;0.8844061880999081;0.0;45
0.540984354491419;0.24970553352402822;0.13149267615231022;0.32683740453227894;0.7175638391948767;0.07728000077509968;122
0.540984354491419;0.24970553352402822;0.13149267615231022;0.32683740453227894;0.7175638391948767;0.07728000077509968;122
0.540984354491419;0.24970553352402822;0.13149267615231022;0.32683740453227894;0.7175638391948767;0.07728000077509968;270
0.540984354491419;0.24970553352402822;0.13149267615231022;0.32683740453227894;0.7175638391948767;0.07728000077509968;392
0.5409843544914191;0.24970553352402827;0.13149267615231025;0.326837404532279;0.7175638391948768;0.0772800007750997;122
0.5409843544914191;0.24970553352402827;0.13149267615231025;0.326837404532279;0.7175638391948768;0.0772800007750997;122
0.566152529381128;0.3333015663580618;0.13725333692659858;0.4959984470181853;0.5509341534127974;0.0;24
0.566152529381128;0.3333015663580618;0.13725333692659858;0.4959984470181853;0.5509341534127974;0.0;24
0.566152529381128;0.3333015663580618;0.13725333692659858;0.4959984470181853;0.5509341534127974;0.0;416
0.566152529381128;0.3333015663580618;0.13725333692659858;0.4959984470181853;0.5509341534127974;0.0;440
0.566152529381128;0.3333015663580618;0.13725333692659858;0.4959984470181853;0.5509341534127974;0.0;24
0.5661525293811279;0.3333015663580618;0.13725333692659855;0.4959984470181852;0.5509341534127973;0.0;24
0.0;0.3493029904416916;0.3777352196358513;0.7682609468941666;0.06505793659563472;0.3752946936453322;29
0.0;0.3493029904416916;0.3777352196358513;0.7682609468941666;0.06505793659563472;0.3752946936453322;29
0.0;0.3493029904416916;0.3777352196358513;0.7682609468941666;0.06505793659563472;0.3752946936453322;29
0.0;0.3493029904416916;0.3777352196358513;0.7682609468941666;0.06505793659563472;0.3752946936453322;58
0.0;0.3493029904416916;0.3777352196358513;0.7682609468941666;0.06505793659563472;0.3752946936453322;29
0.0;0.3493029904416916;0.3777352196358513;0.7682609468941666;0.06505793659563472;0.3752946936453322;29
0.0;0.476444185467401;0.3221174236475207;0.6220494647146695;0.34392357685357444;0.40498437037671575;21
0.0;0.476444185467401;0.3221174236475207;0.6220494647146695;0.34392357685357444;0.40498437037671575;21
0.0;0.476444185467401;0.3221174236475207;0.6220494647146695;0.34392357685357444;0.40498437037671575;79
0.0;0.476444185467401;0.3221174236475207;0.6220494647146695;0.34392357685357444;0.40498437037671575;100
0.0;0.47644418546740114;0.3221174236475208;0.6220494647146696;0.3439235768535745;0.4049843703767159;21
0.0;0.4764441854674012;0.3221174236475208;0.6220494647146696;0.3439235768535745;0.4049843703767159;21
0.03665760453214983;0.134021441599879;0.5786662214816635;0.6297096020867214;0.3086891426453579;0.39244962427074104;46
0.03665760453214983;0.134021441599879;0.5786662214816635;0.6297096020867214;0.3086891426453579;0.39244962427074104;46
0.03665760453214983;0.134021441599879;0.5786662214816635;0.6297096020867214;0.3086891426453579;0.39244962427074104;146
0.03665760453214983;0.134021441599879;0.5786662214816635;0.6297096020867214;0.3086891426453579;0.39244962427074104;192
0.036657604532149834;0.13402144159987903;0.5786662214816636;0.6297096020867216;0.30868914264535796;0.3924496242707411;46
0.036657604532149834;0.13402144159987903;0.5786662214816636;0.6297096020867216;0.30868914264535796;0.3924496242707412;46
0.37490043522388444;0.35294928729906017;0.3326299127602701;0.26462477616127256;0.29792867636550785;0.6822360566855256;19
0.37490043522388444;0.35294928729906017;0.3326299127602701;0.26462477616127256;0.29792867636550785;0.6822360566855256;19
0.37490043522388444;0.35294928729906017;0.3326299127602701;0.26462477616127256;0.29792867636550785;0.6822360566855256;19
0.37490043522388444;0.35294928729906017;0.3326299127602701;0.26462477616127256;0.29792867636550785;0.6822360566855256;38
0.37490043522388444;0.35294928729906017;0.3326299127602701;0.26462477616127256;0.29792867636550785;0.6822360566855256;19
0.37490043522388444;0.35294928729906017;0.3326299127602701;0.26462477616127256;0.29792867636550785;0.6822360566855256;19
2.8740028281916776E-4;0.3172954781489487;0.24835917529520515;0.2981518414470676;0.0;0.8653015060865871;7
2.8740028281916776E-4;0.3172954781489487;0.24835917529520515;0.2981518414470676;0.0;0.8653015060865871;7
2.8740028281916776E-4;0.3172954781489487;0.24835917529520515;0.2981518414470676;0.0;0.8653015060865871;45
2.8740028281916776E-4;0.3172954781489487;0.24835917529520515;0.2981518414470676;0.0;0.8653015060865871;52
2.874002828191678E-4;0.3172954781489487;0.24835917529520515;0.2981518414470676;0.0;0.8653015060865871;7
2.8740028281916776E-4;0.31729547814894865;0.24835917529520518;0.2981518414470676;0.0;0.8653015060865871;7
0.01950349863680121;0.8441836221058436;0.10926847910076433;0.4125985533346467;0.17576619914860114;0.2718505144508643;6
0.01950349863680121;0.8441836221058436;0.10926847910076433;0.4125985533346467;0.17576619914860114;0.2718505144508643;6
0.01950349863680121;0.8441836221058436;0.10926847910076433;0.4125985533346467;0.17576619914860114;0.2718505144508643;58
0.01950349863680121;0.8441836221058436;0.10926847910076433;0.4125985533346467;0.17576619914860114;0.2718505144508643;64
0.019503498636801207;0.8441836221058435;0.1092684791007643;0.4125985533346466;0.17576619914860112;0.2718505144508642;6
0.019503498636801207;0.8441836221058434;0.1092684791007643;0.41259855333464657;0.17576619914860112;0.2718505144508642;6
0.07177084254796648;0.8176585950959231;0.0943907117715506;0.2914567800326814;0.1491503001650539;0.4584548995164429;9
0.07177084254796648;0.8176585950959231;0.0943907117715506;0.2914567800326814;0.1491503001650539;0.4584548995164429;9
0.07177084254796648;0.8176585950959231;0.0943907117715506;0.2914567800326814;0.1491503001650539;0.4584548995164429;73
0.07177084254796648;0.8176585950959231;0.0943907117715506;0.2914567800326814;0.1491503001650539;0.4584548995164429;82
0.07177084254796649;0.8176585950959233;0.09439071177155063;0.29145678003268144;0.14915030016505393;0.4584548995164431;9
0.07177084254796649;0.8176585950959232;0.09439071177155063;0.29145678003268144;0.14915030016505393;0.458454899516443;9
0.0;0.6301294638066239;0.3980311676344407;0.615031385883608;0.0;0.25737995806283936;11
0.0;0.6301294638066239;0.3980311676344407;0.615031385883608;0.0;0.25737995806283936;11
0.0;0.6301294638066239;0.3980311676344407;0.615031385883608;0.0;0.25737995806283936;93
0.0;0.6301294638066239;0.3980311676344407;0.615031385883608;0.0;0.25737995806283936;104
0.0;0.6301294638066239;0.3980311676344407;0.615031385883608;0.0;0.25737995806283936;11
0.0;0.6301294638066239;0.3980311676344407;0.615031385883608;0.0;0.25737995806283936;11
0.016626277024339477;0.8957382017570752;0.00975050517796715;0.44361742380203745;0.022026115711335635;0.0;5
0.016626277024339477;0.8957382017570752;0.00975050517796715;0.44361742380203745;0.022026115711335635;0.0;5
0.016626277024339477;0.8957382017570752;0.00975050517796715;0.44361742380203745;0.022026115711335635;0.0;109
0.016626277024339477;0.8957382017570752;0.00975050517796715;0.44361742380203745;0.022026115711335635;0.0;114
0.01662627702433948;0.8957382017570753;0.009750505177967151;0.44361742380203756;0.02202611571133564;0.0;5
0.016626277024339477;0.8957382017570752;0.00975050517796715;0.44361742380203745;0.022026115711335635;0.0;5
0.10719620519196928;0.7801430187924271;0.13423944629236875;0.5498943656581872;0.2367352552661944;0.05863634037376338;6
0.10719620519196928;0.7801430187924271;0.13423944629236875;0.5498943656581872;0.2367352552661944;0.05863634037376338;6
0.10719620519196928;0.7801430187924271;0.13423944629236875;0.5498943656581872;0.2367352552661944;0.05863634037376338;120
0.10719620519196928;0.7801430187924271;0.13423944629236875;0.5498943656581872;0.2367352552661944;0.05863634037376338;126
0.1071962051919693;0.7801430187924273;0.13423944629236878;0.5498943656581873;0.23673525526619446;0.0586363403737634;6
0.1071962051919693;0.7801430187924273;0.13423944629236878;0.5498943656581873;0.23673525526619446;0.0586363403737634;6
0.0;0.6489588676019492;0.5845253365348893;0.314183124280909;0.3721175668073963;0.0;12
0.0;0.6489588676019492;0.5845253365348893;0.314183124280909;0.3721175668073963;0.0;12
0.0;0.6489588676019492;0.5845253365348893;0.314183124280909;0.3721175668073963;0.0;138
0.0;0.6489588676019492;0.5845253365348893;0.314183124280909;0.3721175668073963;0.0;150
0.0;0.6489588676019493;0.5845253365348894;0.31418312428090905;0.3721175668073964;0.0;12
0.0;0.6489588676019493;0.5845253365348894;0.31418312428090905;0.3721175668073964;0.0;12
0.021503802662085333;0.6088386658490725;0.2247044214522034;0.6288809191037922;0.265771736661704;0.3350151668163896;6
0.021503802662085333;0.6088386658490725;0.2247044214522034;0.6288809191037922;0.265771736661704;0.3350151668163896;6
0.021503802662085333;0.6088386658490725;0.2247044214522034;0.6288809191037922;0.265771736661704;0.3350151668163896;156
0.021503802662085333;0.6088386658490725;0.2247044214522034;0.6288809191037922;0.265771736661704;0.3350151668163896;162
0.021503802662085337;0.6088386658490726;0.22470442145220346;0.6288809191037923;0.26577173666170406;0.33501516681638965;6
0.021503802662085337;0.6088386658490726;0.22470442145220346;0.6288809191037923;0.26577173666170406;0.33501516681638965;6
0.013139796143287039;0.36597358848074957;0.0;0.7895838781879131;0.0;0.49239006650984596;7
0.013139796143287039;0.36597358848074957;0.0;0.7895838781879131;0.0;0.49239006650984596;7
0.013139796143287039;0.36597358848074957;0.0;0.7895838781879131;0.0;0.49239006650984596;169
0.013139796143287039;0.36597358848074957;0.0;0.7895838781879131;0.0;0.49239006650984596;176
0.013139796143287042;0.36597358848074957;0.0;0.7895838781879133;0.0;0.49239006650984607;7
0.01313979614328704;0.3659735884807496;0.0;0.7895838781879133;0.0;0.49239006650984607;7
0.4892611682771852;0.5081974962380555;0.4982826320756096;0.13136056990618095;0.4464740257527826;0.193593847028373;51
0.4892611682771852;0.5081974962380555;0.4982826320756096;0.13136056990618095;0.4464740257527826;0.193593847028373;51
0.4892611682771852;0.5081974962380555;0.4982826320756096;0.13136056990618095;0.4464740257527826;0.193593847028373;51
0.4892611682771852;0.5081974962380555;0.4982826320756096;0.13136056990618095;0.4464740257527826;0.193593847028373;102
0.4892611682771852;0.5081974962380555;0.4982826320756095;0.13136056990618095;0.4464740257527826;0.19359384702837304;51
0.4892611682771852;0.5081974962380555;0.4982826320756095;0.13136056990618095;0.4464740257527826;0.19359384702837304;51
0.4959639830785692;0.25850234971548275;0.5541148622965437;0.26828315543126147;0.47865722034106;0.281183918440783;56
0.4959639830785692;0.25850234971548275;0.5541148622965437;0.26828315543126147;0.47865722034106;0.281183918440783;56
0.4959639830785692;0.25850234971548275;0.5541148622965437;0.26828315543126147;0.47865722034106;0.281183918440783;158
0.4959639830785692;0.25850234971548275;0.5541148622965437;0.26828315543126147;0.47865722034106;0.281183918440783;214
0.4959639830785692;0.25850234971548275;0.5541148622965437;0.26828315543126147;0.47865722034106;0.281183918440783;56
0.4959639830785692;0.25850234971548275;0.5541148622965437;0.26828315543126147;0.47865722034106;0.281183918440783;56
0.18908047539428652;0.28338774065167444;0.10736364175134909;0.3965832504098741;0.6065462450279477;0.5892676716397511;28
0.18908047539428652;0.28338774065167444;0.10736364175134909;0.3965832504098741;0.6065462450279477;0.5892676716397511;28
0.18908047539428652;0.28338774065167444;0.10736364175134909;0.3965832504098741;0.6065462450279477;0.5892676716397511;28
0.18908047539428652;0.28338774065167444;0.10736364175134909;0.3965832504098741;0.6065462450279477;0.5892676716397511;56
0.18908047539428657;0.2833877406516745;0.10736364175134912;0.39658325040987424;0.6065462450279479;0.5892676716397512;28
0.18908047539428657;0.2833877406516745;0.10736364175134912;0.39658325040987424;0.6065462450279479;0.5892676716397512;28
0.4734864062944447;0.3168426336710224;0.2711151662527178;0.43253024073141244;0.17716573233526264;0.6192316443056507;53
0.4734864062944447;0.3168426336710224;0.2711151662527178;0.43253024073141244;0.17716573233526264;0.6192316443056507;53
0.4734864062944447;0.3168426336710224;0.2711151662527178;0.43253024073141244;0.17716573233526264;0.6192316443056507;109
0.4734864062944447;0.3168426336710224;0.2711151662527178;0.43253024073141244;0.17716573233526264;0.6192316443056507;162
0.4734864062944447;0.3168426336710224;0.2711151662527178;0.43253024073141244;0.17716573233526264;0.6192316443056507;53
0.47348640629444483;0.31684263367102244;0.27111516625271787;0.4325302407314125;0.17716573233526267;0.6192316443056508;53
0.6008288010260847;0.27819243224235546;0.08685222169516434;0.5641125536280006;0.0054799918290108435;0.4856103485471701;24
0.6008288010260847;0.27819243224235546;0.08685222169516434;0.5641125536280006;0.0054799918290108435;0.4856103485471701;24
0.6008288010260847;0.27819243224235546;0.08685222169516434;0.5641125536280006;0.0054799918290108435;0.4856103485471701;186
0.6008288010260847;0.27819243224235546;0.08685222169516434;0.5641125536280006;0.0054799918290108435;0.4856103485471701;210
0.6008288010260847;0.27819243224235546;0.08685222169516434;0.5641125536280006;0.0054799918290108435;0.4856103485471701;24
0.6008288010260847;0.27819243224235546;0.08685222169516434;0.5641125536280006;0.005479991829010844;0.4856103485471701;24
0.6750016002397669;0.29520022135516655;0.1983583377565128;0.5933131022332282;0.0;0.25663826984000426;21
0.6750016002397669;0.29520022135516655;0.1983583377565128;0.5933131022332282;0.0;0.25663826984000426;21
0.6750016002397669;0.29520022135516655;0.1983583377565128;0.5933131022332282;0.0;0.25663826984000426;231
0.6750016002397669;0.29520022135516655;0.1983583377565128;0.5933131022332282;0.0;0.25663826984000426;252
0.6750016002397669;0.29520022135516655;0.19835833775651282;0.5933131022332282;0.0;0.25663826984000426;21
0.6750016002397669;0.29520022135516655;0.1983583377565128;0.5933131022332282;0.0;0.25663826984000426;21
0.48082097169531374;0.28363937507029685;0.3350026622607826;0.13229555706381055;0.6148407571165376;0.42497275599199574;0
0.48082097169531374;0.28363937507029685;0.3350026622607826;0.13229555706381055;0.6148407571165376;0.42497275599199574;0
0.48082097169531374;0.28363937507029685;0.3350026622607826;0.13229555706381055;0.6148407571165376;0.42497275599199574;0
0.48082097169531374;0.28363937507029685;0.3350026622607826;0.13229555706381055;0.6148407571165376;0.42497275599199574;0
0.48082097169531385;0.2836393750702969;0.3350026622607827;0.13229555706381058;0.6148407571165377;0.42497275599199585;0
0.48082097169531385;0.2836393750702969;0.3350026622607827;0.13229555706381058;0.6148407571165377;0.42497275599199585;0
0.31638533209107084;0.0;0.0;0.5121843544603;0.5673510430891248;0.5618543428588861;4
0.31638533209107084;0.0;0.0;0.5121843544603;0.5673510430891248;0.5618543428588861;4
0.31638533209107084;0.0;0.0;0.5121843544603;0.5673510430891248;0.5618543428588861;4
0.31638533209107084;0.0;0.0;0.5121843544603;0.5673510430891248;0.5618543428588861;8
0.31638533209107084;0.0;0.0;0.5121843544603;0.5673510430891248;0.5618543428588861;4
0.31638533209107084;0.0;0.0;0.5121843544603;0.5673510430891248;0.5618543428588861;4
0.12816832194407454;0.43557536983367945;0.17912138927518753;0.11290017133620346;0.6843397845874248;0.5298066787909653;11
0.12816832194407454;0.43557536983367945;0.17912138927518753;0.11290017133620346;0.6843397845874248;0.5298066787909653;11
0.12816832194407454;0.43557536983367945;0.17912138927518753;0.11290017133620346;0.6843397845874248;0.5298066787909653;19
0.12816832194407454;0.43557536983367945;0.17912138927518753;0.11290017133620346;0.6843397845874248;0.5298066787909653;30
0.12816832194407454;0.43557536983367945;0.17912138927518753;0.11290017133620346;0.6843397845874248;0.5298066787909653;11
0.12816832194407457;0.43557536983367956;0.17912138927518756;0.11290017133620349;0.6843397845874248;0.5298066787909654;11
0.15284905082976077;0.0;0.24408580237361766;0.0;0.6439295570587485;0.7088116916968797;7
0.15284905082976077;0.0;0.24408580237361766;0.0;0.6439295570587485;0.7088116916968797;7
0.15284905082976077;0.0;0.24408580237361766;0.0;0.6439295570587485;0.7088116916968797;37
0.15284905082976077;0.0;0.24408580237361766;0.0;0.6439295570587485;0.7088116916968797;44
0.15284905082976077;0.0;0.24408580237361766;0.0;0.6439295570587485;0.7088116916968797;7
0.15284905082976077;0.0;0.24408580237361768;0.0;0.6439295570587485;0.7088116916968797;7
0.23752580038991336;0.0;0.32454007844727983;0.0;0.8579663943596012;0.31960741196059583;7
0.23752580038991336;0.0;0.32454007844727983;0.0;0.8579663943596012;0.31960741196059583;7
0.23752580038991336;0.0;0.32454007844727983;0.0;0.8579663943596012;0.31960741196059583;51
0.23752580038991336;0.0;0.32454007844727983;0.0;0.8579663943596012;0.31960741196059583;58
0.23752580038991336;0.0;0.3245400784472799;0.0;0.8579663943596012;0.31960741196059583;7
0.2375258003899134;0.0;0.32454007844727983;0.0;0.8579663943596012;0.3196074119605959;7
0.0;0.22248221058004702;0.3235605394977037;0.0;0.9045246794178364;0.1662689014200516;17
0.0;0.22248221058004702;0.3235605394977037;0.0;0.9045246794178364;0.1662689014200516;17
0.0;0.22248221058004702;0.3235605394977037;0.0;0.9045246794178364;0.1662689014200516;75
0.0;0.22248221058004702;0.3235605394977037;0.0;0.9045246794178364;0.1662689014200516;92
0.0;0.22248221058004702;0.3235605394977037;0.0;0.9045246794178364;0.1662689014200516;17
0.0;0.22248221058004702;0.3235605394977037;0.0;0.9045246794178364;0.1662689014200516;17
0.06629988593894288;0.0;0.08960523591052239;0.0;0.8955196665512655;0.4308361099557617;7
0.06629988593894288;0.0;0.08960523591052239;0.0;0.8955196665512655;0.4308361099557617;7
0.06629988593894288;0.0;0.08960523591052239;0.0;0.8955196665512655;0.4308361099557617;99
0.06629988593894288;0.0;0.08960523591052239;0.0;0.8955196665512655;0.4308361099557617;106
0.06629988593894288;0.0;0.08960523591052239;0.0;0.8955196665512654;0.4308361099557617;7
0.06629988593894288;0.0;0.08960523591052237;0.0;0.8955196665512655;0.4308361099557617;7
0.0;0.18292179911724016;0.23072698759470783;0.18398168596400255;0.9075327652988476;0.23630423555673588;31
0.0;0.18292179911724016;0.23072698759470783;0.18398168596400255;0.9075327652988476;0.23630423555673588;31
0.0;0.18292179911724016;0.23072698759470783;0.18398168596400255;0.9075327652988476;0.23630423555673588;137
0.0;0.18292179911724016;0.23072698759470783;0.18398168596400255;0.9075327652988476;0.23630423555673588;168
0.0;0.18292179911724019;0.2307269875947079;0.18398168596400258;0.9075327652988479;0.23630423555673594;31
0.0;0.18292179911724016;0.23072698759470783;0.18398168596400255;0.9075327652988476;0.2363042355567359;31
0.07048465211621521;0.4204938818893043;0.38031529503431555;0.2714312346844606;0.7745335178740498;0.0;25
0.07048465211621521;0.4204938818893043;0.38031529503431555;0.2714312346844606;0.7745335178740498;0.0;25
0.07048465211621521;0.4204938818893043;0.38031529503431555;0.2714312346844606;0.7745335178740498;0.0;193
0.07048465211621521;0.4204938818893043;0.38031529503431555;0.2714312346844606;0.7745335178740498;0.0;218
0.07048465211621521;0.4204938818893043;0.38031529503431555;0.2714312346844606;0.7745335178740498;0.0;25
0.07048465211621521;0.4204938818893043;0.38031529503431555;0.2714312346844606;0.7745335178740498;0.0;25
0.26581971576810626;0.40369642578067044;0.18324913195154793;0.2986607369446463;0.59118675028915;0.5422995672597518;13
0.26581971576810626;0.40369642578067044;0.18324913195154793;0.2986607369446463;0.59118675028915;0.5422995672597518;13
0.26581971576810626;0.40369642578067044;0.18324913195154793;0.2986607369446463;0.59118675028915;0.5422995672597518;13
0.26581971576810626;0.40369642578067044;0.18324913195154793;0.2986607369446463;0.59118675028915;0.5422995672597518;26
0.26581971576810626;0.40369642578067044;0.18324913195154793;0.2986607369446463;0.59118675028915;0.5422995672597518;13
0.26581971576810626;0.40369642578067044;0.18324913195154793;0.2986607369446463;0.59118675028915;0.5422995672597518;13
0.32128032022369485;0.2580466194232522;0.12255865847988497;0.07266823067530817;0.6931106247585521;0.5740098112141743;17
0.32128032022369485;0.2580466194232522;0.12255865847988497;0.07266823067530817;0.6931106247585521;0.5740098112141743;17
0.32128032022369485;0.2580466194232522;0.12255865847988497;0.07266823067530817;0.6931106247585521;0.5740098112141743;43
0.32128032022369485;0.2580466194232522;0.12255865847988497;0.07266823067530817;0.6931106247585521;0.5740098112141743;60
0.32128032022369485;0.2580466194232522;0.12255865847988495;0.07266823067530817;0.6931106247585521;0.5740098112141743;17
0.3212803202236949;0.25804661942325224;0.122558658479885;0.07266823067530818;0.6931106247585522;0.5740098112141743;17
0.4146256575209176;0.43631833606016474;0.15699697672502572;0.4999881953586918;0.0;0.602557571974825;33
0.4146256575209176;0.43631833606016474;0.15699697672502572;0.4999881953586918;0.0;0.602557571974825;33
0.4146256575209176;0.43631833606016474;0.15699697672502572;0.4999881953586918;0.0;0.602557571974825;33
0.4146256575209176;0.43631833606016474;0.15699697672502572;0.4999881953586918;0.0;0.602557571974825;66
0.4146256575209176;0.43631833606016474;0.15699697672502572;0.4999881953586918;0.0;0.602557571974825;33
0.4146256575209176;0.43631833606016474;0.15699697672502572;0.4999881953586918;0.0;0.602557571974825;33
0.16298792369575152;0.6769867828039732;0.25654877995748976;0.6088498419691389;0.17807667380114836;0.21655743885277073;12
0.16298792369575152;0.6769867828039732;0.25654877995748976;0.6088498419691389;0.17807667380114836;0.21655743885277073;12
0.16298792369575152;0.6769867828039732;0.25654877995748976;0.6088498419691389;0.17807667380114836;0.21655743885277073;12
0.16298792369575152;0.6769867828039732;0.25654877995748976;0.6088498419691389;0.17807667380114836;0.21655743885277073;24
0.16298792369575152;0.6769867828039732;0.25654877995748976;0.6088498419691389;0.17807667380114836;0.21655743885277076;12
0.16298792369575152;0.6769867828039732;0.25654877995748976;0.6088498419691389;0.17807667380114836;0.21655743885277076;12
0.5583255952944919;0.49011098314254503;0.315345538710399;0.4917283046511841;0.05357847148129535;0.32241831036116364;20
0.5583255952944919;0.49011098314254503;0.315345538710399;0.4917283046511841;0.05357847148129535;0.32241831036116364;20
0.5583255952944919;0.49011098314254503;0.315345538710399;0.4917283046511841;0.05357847148129535;0.32241831036116364;44
0.5583255952944919;0.49011098314254503;0.315345538710399;0.4917283046511841;0.05357847148129535;0.32241831036116364;64
0.558325595294492;0.49011098314254514;0.31534553871039905;0.4917283046511842;0.05357847148129537;0.3224183103611637;20
0.558325595294492;0.49011098314254514;0.31534553871039905;0.4917283046511842;0.05357847148129537;0.3224183103611637;20
0.37950084471175505;0.3440167422762767;0.35109686969453335;0.6103226763358142;0.0;0.49180159489134545;34
0.37950084471175505;0.3440167422762767;0.35109686969453335;0.6103226763358142;0.0;0.49180159489134545;34
0.37950084471175505;0.3440167422762767;0.35109686969453335;0.6103226763358142;0.0;0.49180159489134545;98
0.37950084471175505;0.3440167422762767;0.35109686969453335;0.6103226763358142;0.0;0.49180159489134545;132
0.37950084471175516;0.34401674227627677;0.3510968696945334;0.6103226763358143;0.0;0.49180159489134556;34
0.37950084471175516;0.34401674227627677;0.3510968696945334;0.6103226763358143;0.0;0.49180159489134556;34
0.08205099297854268;0.4946049680836726;0.6666055563250401;0.4176035638678126;0.100097304097856;0.34620569829511955;40
0.08205099297854268;0.4946049680836726;0.6666055563250401;0.4176035638678126;0.100097304097856;0.34620569829511955;40
0.08205099297854268;0.4946049680836726;0.6666055563250401;0.4176035638678126;0.100097304097856;0.34620569829511955;172
0.08205099297854268;0.4946049680836726;0.6666055563250401;0.4176035638678126;0.100097304097856;0.34620569829511955;212
0.08205099297854268;0.4946049680836726;0.6666055563250401;0.4176035638678126;0.100097304097856;0.34620569829511955;40
0.08205099297854268;0.49460496808367255;0.6666055563250401;0.41760356386781267;0.100097304097856;0.34620569829511955;40
0.0;0.5933277674084307;0.6638563547730331;0.0;0.22899227804922367;0.39347101194804074;10
0.0;0.5933277674084307;0.6638563547730331;0.0;0.22899227804922367;0.39347101194804074;10
0.0;0.5933277674084307;0.6638563547730331;0.0;0.22899227804922367;0.39347101194804074;222
0.0;0.5933277674084307;0.6638563547730331;0.0;0.22899227804922367;0.39347101194804074;232
0.0;0.5933277674084307;0.6638563547730331;0.0;0.22899227804922367;0.39347101194804074;10
0.0;0.5933277674084307;0.6638563547730331;0.0;0.22899227804922367;0.39347101194804074;10
0.7274972092336947;0.0;0.5068585820098785;0.0;0.46243072408652647;1.1756245945103422E-4;22
0.7274972092336947;0.0;0.5068585820098785;0.0;0.46243072408652647;1.1756245945103422E-4;22
0.7274972092336947;0.0;0.5068585820098785;0.0;0.46243072408652647;1.1756245945103422E-4;22
0.7274972092336947;0.0;0.5068585820098785;0.0;0.46243072408652647;1.1756245945103422E-4;44
0.7274972092336948;0.0;0.5068585820098785;0.0;0.4624307240865264;1.1756245945103422E-4;22
0.7274972092336948;0.0;0.5068585820098785;0.0;0.4624307240865264;1.1756245945103422E-4;22
0.6905220677054011;0.19629103608905024;0.5259900285145933;0.309395993823664;0.33504882043073764;0.0;41
0.6905220677054011;0.19629103608905024;0.5259900285145933;0.309395993823664;0.33504882043073764;0.0;41
0.6905220677054011;0.19629103608905024;0.5259900285145933;0.309395993823664;0.33504882043073764;0.0;85
0.6905220677054011;0.19629103608905024;0.5259900285145933;0.309395993823664;0.33504882043073764;0.0;126
0.6905220677054013;0.1962910360890503;0.5259900285145934;0.30939599382366406;0.3350488204307377;0.0;41
0.6905220677054013;0.1962910360890503;0.5259900285145934;0.30939599382366406;0.3350488204307377;0.0;41
0.7887341626820461;0.0;0.5555999494902596;0.0;0.2630724553134986;0.0;0
0.7887341626820461;0.0;0.5555999494902596;0.0;0.2630724553134986;0.0;0
0.7887341626820461;0.0;0.5555999494902596;0.0;0.2630724553134986;0.0;126
0.7887341626820461;0.0;0.5555999494902596;0.0;0.2630724553134986;0.0;126
0.7887341626820461;0.0;0.5555999494902596;0.0;0.2630724553134986;0.0;0
0.7887341626820461;0.0;0.5555999494902596;0.0;0.2630724553134986;0.0;0
0.5271413363028203;0.0682317743460524;0.6724033871696821;0.5151117562754755;0.0;0.0;33
0.5271413363028203;0.0682317743460524;0.6724033871696821;0.5151117562754755;0.0;0.0;33
0.5271413363028203;0.0682317743460524;0.6724033871696821;0.5151117562754755;0.0;0.0;159
0.5271413363028203;0.0682317743460524;0.6724033871696821;0.5151117562754755;0.0;0.0;192
0.5271413363028203;0.0682317743460524;0.6724033871696821;0.5151117562754755;0.0;0.0;33
0.5271413363028203;0.0682317743460524;0.6724033871696821;0.5151117562754755;0.0;0.0;33
0.13349591486949217;0.216326078721186;0.8486907825446156;0.27885085092268563;0.3355293751392186;0.15737873223679305;42
0.13349591486949217;0.216326078721186;0.8486907825446156;0.27885085092268563;0.3355293751392186;0.15737873223679305;42
0.13349591486949217;0.216326078721186;0.8486907825446156;0.27885085092268563;0.3355293751392186;0.15737873223679305;42
0.13349591486949217;0.216326078721186;0.8486907825446156;0.27885085092268563;0.3355293751392186;0.15737873223679305;84
0.1334959148694922;0.21632607872118606;0.8486907825446158;0.2788508509226857;0.33552937513921866;0.15737873223679308;42
0.1334959148694922;0.21632607872118606;0.8486907825446158;0.2788508509226857;0.33552937513921866;0.15737873223679308;42
0.05598459662118816;0.5459252603191734;0.6395334539902661;0.49321171953654225;0.215801983368302;0.0;42
0.05598459662118816;0.5459252603191734;0.6395334539902661;0.49321171953654225;0.215801983368302;0.0;42
0.05598459662118816;0.5459252603191734;0.6395334539902661;0.49321171953654225;0.215801983368302;0.0;126
0.05598459662118816;0.5459252603191734;0.6395334539902661;0.49321171953654225;0.215801983368302;0.0;168
0.055984596621188175;0.5459252603191735;0.6395334539902662;0.49321171953654236;0.21580198336830206;0.0;42
0.055984596621188175;0.5459252603191735;0.6395334539902662;0.49321171953654236;0.21580198336830206;0.0;42
0.0;0.47521694654541086;0.46635576713300925;0.7461106835971715;0.0;0.0;8
0.0;0.47521694654541086;0.46635576713300925;0.7461106835971715;0.0;0.0;8
0.0;0.47521694654541086;0.46635576713300925;0.7461106835971715;0.0;0.0;176
0.0;0.47521694654541086;0.46635576713300925;0.7461106835971715;0.0;0.0;184
0.0;0.47521694654541086;0.46635576713300925;0.7461106835971715;0.0;0.0;8
0.0;0.4752169465454109;0.46635576713300925;0.7461106835971715;0.0;0.0;8
0.0;0.45141037022246316;0.0;0.8492208816131095;0.0;0.2739572446347635;9
0.0;0.45141037022246316;0.0;0.8492208816131095;0.0;0.2739572446347635;9
0.0;0.45141037022246316;0.0;0.8492208816131095;0.0;0.2739572446347635;193
0.0;0.45141037022246316;0.0;0.8492208816131095;0.0;0.2739572446347635;202
0.0;0.4514103702224633;0.0;0.8492208816131097;0.0;0.27395724463476356;9
0.0;0.4514103702224633;0.0;0.8492208816131097;0.0;0.27395724463476356;9
0.0;0.6736468440670519;0.4785023497699635;0.04530520025444644;0.25193850704210746;0.5017069445826148;6
0.0;0.6736468440670519;0.4785023497699635;0.04530520025444644;0.25193850704210746;0.5017069445826148;6
0.0;0.6736468440670519;0.4785023497699635;0.04530520025444644;0.25193850704210746;0.5017069445826148;6
0.0;0.6736468440670519;0.4785023497699635;0.04530520025444644;0.25193850704210746;0.5017069445826148;12
0.0;0.673646844067052;0.4785023497699636;0.04530520025444644;0.2519385070421075;0.5017069445826149;6
0.0;0.673646844067052;0.4785023497699636;0.04530520025444644;0.2519385070421075;0.5017069445826149;6
0.0;0.6003529351728585;0.24095045446946528;0.281021532548389;0.42905673075567696;0.5643194589571556;8
0.0;0.6003529351728585;0.24095045446946528;0.281021532548389;0.42905673075567696;0.5643194589571556;8
0.0;0.6003529351728585;0.24095045446946528;0.281021532548389;0.42905673075567696;0.5643194589571556;20
0.0;0.6003529351728585;0.24095045446946528;0.281021532548389;0.42905673075567696;0.5643194589571556;28
0.0;0.6003529351728586;0.24095045446946534;0.2810215325483891;0.4290567307556771;0.5643194589571557;8
0.0;0.6003529351728586;0.2409504544694653;0.2810215325483891;0.4290567307556771;0.5643194589571557;8
0.0;0.8545992640115322;0.23376719891611403;0.2561757730514799;0.3865061033972661;0.0;4
0.0;0.8545992640115322;0.23376719891611403;0.2561757730514799;0.3865061033972661;0.0;4
0.0;0.8545992640115322;0.23376719891611403;0.2561757730514799;0.3865061033972661;0.0;32
0.0;0.8545992640115322;0.23376719891611403;0.2561757730514799;0.3865061033972661;0.0;36
0.0;0.8545992640115322;0.23376719891611403;0.2561757730514799;0.3865061033972661;0.0;4
0.0;0.8545992640115322;0.23376719891611403;0.2561757730514799;0.3865061033972661;0.0;4
0.2201300654076242;0.839964793580425;0.07848103522425148;0.39737093087621894;0.015844113978217413;0.28581101151980043;12
0.2201300654076242;0.839964793580425;0.07848103522425148;0.39737093087621894;0.015844113978217413;0.28581101151980043;12
0.2201300654076242;0.839964793580425;0.07848103522425148;0.39737093087621894;0.015844113978217413;0.28581101151980043;48
0.2201300654076242;0.839964793580425;0.07848103522425148;0.39737093087621894;0.015844113978217413;0.28581101151980043;60
0.22013006540762423;0.839964793580425;0.07848103522425148;0.39737093087621894;0.015844113978217413;0.28581101151980043;12
0.2201300654076242;0.839964793580425;0.07848103522425148;0.39737093087621894;0.015844113978217413;0.28581101151980043;12
0.43965775249322475;0.12686881711791045;0.5067741343277546;0.09359473943586383;0.0;0.7245863409159713;80
0.43965775249322475;0.12686881711791045;0.5067741343277546;0.09359473943586383;0.0;0.7245863409159713;80
0.43965775249322475;0.12686881711791045;0.5067741343277546;0.09359473943586383;0.0;0.7245863409159713;80
0.43965775249322475;0.12686881711791045;0.5067741343277546;0.09359473943586383;0.0;0.7245863409159713;160
0.43965775249322475;0.12686881711791045;0.5067741343277546;0.09359473943586383;0.0;0.7245863409159713;80
0.43965775249322475;0.12686881711791045;0.5067741343277546;0.09359473943586383;0.0;0.7245863409159713;80
0.6261961848344922;0.03934027866662194;0.690313898262002;0.3335504695880358;0.0;0.13616712774042808;13
0.6261961848344922;0.03934027866662194;0.690313898262002;0.3335504695880358;0.0;0.13616712774042808;13
0.6261961848344922;0.03934027866662194;0.690313898262002;0.3335504695880358;0.0;0.13616712774042808;173
0.6261961848344922;0.03934027866662194;0.690313898262002;0.3335504695880358;0.0;0.13616712774042808;186
0.6261961848344924;0.039340278666621945;0.6903138982620021;0.33355046958803586;0.0;0.1361671277404281;13
0.6261961848344924;0.039340278666621945;0.690313898262002;0.33355046958803586;0.0;0.1361671277404281;13
0.00904658829664973;0.0;0.621022171177308;0.7837407875990718;0.0;0.0;0
0.00904658829664973;0.0;0.621022171177308;0.7837407875990718;0.0;0.0;0
0.00904658829664973;0.0;0.621022171177308;0.7837407875990718;0.0;0.0;0
0.00904658829664973;0.0;0.621022171177308;0.7837407875990718;0.0;0.0;0
0.00904658829664973;0.0;0.621022171177308;0.7837407875990718;0.0;0.0;0
0.00904658829664973;0.0;0.621022171177308;0.7837407875990718;0.0;0.0;0
0.0;0.12491116035030903;0.616824650803048;0.7771258277664161;0.0;0.0;12
0.0;0.12491116035030903;0.616824650803048;0.7771258277664161;0.0;0.0;12
0.0;0.12491116035030903;0.616824650803048;0.7771258277664161;0.0;0.0;13
0.0;0.12491116035030903;0.616824650803048;0.7771258277664161;0.0;0.0;25
0.0;0.12491116035030903;0.616824650803048;0.7771258277664161;0.0;0.0;12
0.0;0.12491116035030903;0.616824650803048;0.7771258277664161;0.0;0.0;12
0.0;0.3244235815180688;0.8406742511139198;0.2682350830768204;0.3406847273885493;0.0;54
0.0;0.3244235815180688;0.8406742511139198;0.2682350830768204;0.3406847273885493;0.0;54
0.0;0.3244235815180688;0.8406742511139198;0.2682350830768204;0.3406847273885493;0.0;79
0.0;0.3244235815180688;0.8406742511139198;0.2682350830768204;0.3406847273885493;0.0;133
0.0;0.3244235815180689;0.84067425111392;0.2682350830768205;0.3406847273885494;0.0;54
0.0;0.3244235815180689;0.84067425111392;0.2682350830768205;0.3406847273885494;0.0;54
0.16152001156936913;0.47545592293332956;0.6135393595881955;0.5646614986471813;0.2230855906827971;0.053034108096398545;8
0.16152001156936913;0.47545592293332956;0.6135393595881955;0.5646614986471813;0.2230855906827971;0.053034108096398545;8
0.16152001156936913;0.47545592293332956;0.6135393595881955;0.5646614986471813;0.2230855906827971;0.053034108096398545;141
0.16152001156936913;0.47545592293332956;0.6135393595881955;0.5646614986471813;0.2230855906827971;0.053034108096398545;149
0.16152001156936913;0.47545592293332956;0.6135393595881955;0.5646614986471813;0.2230855906827971;0.053034108096398545;8
0.16152001156936913;0.47545592293332956;0.6135393595881955;0.5646614986471813;0.2230855906827971;0.053034108096398545;8
0.1589664538386513;0.4649369697544454;0.02444612932610565;0.5713740361284686;0.3583888651629979;0.5505041322605413;9
0.1589664538386513;0.4649369697544454;0.02444612932610565;0.5713740361284686;0.3583888651629979;0.5505041322605413;9
0.1589664538386513;0.4649369697544454;0.02444612932610565;0.5713740361284686;0.3583888651629979;0.5505041322605413;158
0.1589664538386513;0.4649369697544454;0.02444612932610565;0.5713740361284686;0.3583888651629979;0.5505041322605413;167
0.1589664538386513;0.4649369697544453;0.02444612932610565;0.5713740361284686;0.3583888651629979;0.5505041322605413;9
0.1589664538386513;0.4649369697544453;0.02444612932610565;0.5713740361284686;0.3583888651629979;0.5505041322605413;9
0.0;0.8499927437466044;0.0;0.488449293785489;0.025858430187281924;0.19560410161043545;3
0.0;0.8499927437466044;0.0;0.488449293785489;0.025858430187281924;0.19560410161043545;3
0.0;0.8499927437466044;0.0;0.488449293785489;0.025858430187281924;0.19560410161043545;170
0.0;0.8499927437466044;0.0;0.488449293785489;0.025858430187281924;0.19560410161043545;173
0.0;0.8499927437466047;0.0;0.4884492937854891;0.02585843018728193;0.19560410161043548;3
0.0;0.8499927437466046;0.0;0.4884492937854891;0.02585843018728193;0.19560410161043548;3
0.09496843774899491;0.5853516501165883;0.14261298260416053;0.7907262515985319;0.0525164142243477;0.0;10
0.09496843774899491;0.5853516501165883;0.14261298260416053;0.7907262515985319;0.0525164142243477;0.0;10
0.09496843774899491;0.5853516501165883;0.14261298260416053;0.7907262515985319;0.0525164142243477;0.0;183
0.09496843774899491;0.5853516501165883;0.14261298260416053;0.7907262515985319;0.0525164142243477;0.0;193
0.09496843774899491;0.5853516501165883;0.14261298260416053;0.7907262515985319;0.0525164142243477;0.0;10
0.09496843774899491;0.5853516501165883;0.14261298260416053;0.7907262515985318;0.052516414224347704;0.0;10
0.06595087525706973;0.06200618061413643;0.3841866241392042;0.648147056240286;0.4748581690865872;0.4456696828254992;27
0.06595087525706973;0.06200618061413643;0.3841866241392042;0.648147056240286;0.4748581690865872;0.4456696828254992;27
0.06595087525706973;0.06200618061413643;0.3841866241392042;0.648147056240286;0.4748581690865872;0.4456696828254992;27
0.06595087525706973;0.06200618061413643;0.3841866241392042;0.648147056240286;0.4748581690865872;0.4456696828254992;54
0.06595087525706973;0.06200618061413644;0.38418662413920424;0.648147056240286;0.4748581690865872;0.4456696828254992;27
0.06595087525706973;0.06200618061413644;0.38418662413920424;0.648147056240286;0.4748581690865872;0.4456696828254992;27
0.11192361082529169;0.1922458379998701;0.25454270489712016;0.725795853826485;0.1653419967581395;0.5758515930094567;14
0.11192361082529169;0.1922458379998701;0.25454270489712016;0.725795853826485;0.1653419967581395;0.5758515930094567;14
0.11192361082529169;0.1922458379998701;0.25454270489712016;0.725795853826485;0.1653419967581395;0.5758515930094567;14
0.11192361082529169;0.1922458379998701;0.25454270489712016;0.725795853826485;0.1653419967581395;0.5758515930094567;28
0.11192361082529169;0.1922458379998701;0.25454270489712016;0.725795853826485;0.1653419967581395;0.5758515930094567;14
0.11192361082529169;0.1922458379998701;0.25454270489712016;0.725795853826485;0.1653419967581395;0.5758515930094567;14
0.17985698651691434;0.19273923587513836;0.6029345274504158;0.668381262357941;0.07072557698815485;0.33946632800907367;34
0.17985698651691434;0.19273923587513836;0.6029345274504158;0.668381262357941;0.07072557698815485;0.33946632800907367;34
0.17985698651691434;0.19273923587513836;0.6029345274504158;0.668381262357941;0.07072557698815485;0.33946632800907367;62
0.17985698651691434;0.19273923587513836;0.6029345274504158;0.668381262357941;0.07072557698815485;0.33946632800907367;96
0.17985698651691434;0.19273923587513836;0.6029345274504158;0.668381262357941;0.07072557698815485;0.33946632800907367;34
0.1798569865169143;0.1927392358751384;0.6029345274504158;0.6683812623579412;0.07072557698815485;0.33946632800907367;34
0.10900914614222411;0.1495011220571729;0.6828411589136725;0.6981710360123986;0.10977967356389937;0.0;24
0.10900914614222411;0.1495011220571729;0.6828411589136725;0.6981710360123986;0.10977967356389937;0.0;24
0.10900914614222411;0.1495011220571729;0.6828411589136725;0.6981710360123986;0.10977967356389937;0.0;120
0.10900914614222411;0.1495011220571729;0.6828411589136725;0.6981710360123986;0.10977967356389937;0.0;144
0.10900914614222411;0.1495011220571729;0.6828411589136726;0.6981710360123986;0.10977967356389935;0.0;24
0.10900914614222411;0.1495011220571729;0.6828411589136725;0.6981710360123986;0.10977967356389937;0.0;24
0.5129120234988387;0.12059933753378942;0.5931530722015582;0.350243061035023;0.289882232321475;0.40477719606683193;16
0.5129120234988387;0.12059933753378942;0.5931530722015582;0.350243061035023;0.289882232321475;0.40477719606683193;16
0.5129120234988387;0.12059933753378942;0.5931530722015582;0.350243061035023;0.289882232321475;0.40477719606683193;16
0.5129120234988387;0.12059933753378942;0.5931530722015582;0.350243061035023;0.289882232321475;0.40477719606683193;16
0.5129120234988387;0.12059933753378942;0.5931530722015582;0.350243061035023;0.289882232321475;0.40477719606683193;16
0.5129120234988387;0.12059933753378942;0.5931530722015582;0.350243061035023;0.289882232321475;0.40477719606683193;16
0.537252511429271;0.0021612265261082564;0.6481132795779276;0.3294829066282166;0.32460574158181993;0.2781660864834631;32
0.537252511429271;0.0021612265261082564;0.6481132795779276;0.3294829066282166;0.32460574158181993;0.2781660864834631;32
0.537252511429271;0.0021612265261082564;0.6481132795779276;0.3294829066282166;0.32460574158181993;0.2781660864834631;32
0.537252511429271;0.0021612265261082564;0.6481132795779276;0.3294829066282166;0.32460574158181993;0.2781660864834631;48
0.537252511429271;0.0021612265261082564;0.6481132795779276;0.3294829066282166;0.32460574158181993;0.2781660864834631;32
0.537252511429271;0.0021612265261082564;0.6481132795779276;0.32948290662821667;0.32460574158181993;0.2781660864834631;32
0.5536456918578401;0.29937951639507654;0.43664223239498917;0.4571393353621417;0.10782600676130354;0.4388497399680153;34
0.5536456918578401;0.29937951639507654;0.43664223239498917;0.4571393353621417;0.10782600676130354;0.4388497399680153;34
0.5536456918578401;0.29937951639507654;0.43664223239498917;0.4571393353621417;0.10782600676130354;0.4388497399680153;34
0.5536456918578401;0.29937951639507654;0.43664223239498917;0.4571393353621417;0.10782600676130354;0.4388497399680153;82
0.5536456918578401;0.29937951639507654;0.43664223239498917;0.4571393353621417;0.10782600676130354;0.4388497399680153;34
0.5536456918578402;0.2993795163950766;0.4366422323949893;0.4571393353621418;0.10782600676130358;0.43884973996801535;34
0.6365631058752577;0.17092571587119681;0.23517215154955015;0.45422131089589984;0.549640508805729;0.04294394993138569;36
0.6365631058752577;0.17092571587119681;0.23517215154955015;0.45422131089589984;0.549640508805729;0.04294394993138569;36
0.6365631058752577;0.17092571587119681;0.23517215154955015;0.45422131089589984;0.549640508805729;0.04294394993138569;36
0.6365631058752577;0.17092571587119681;0.23517215154955015;0.45422131089589984;0.549640508805729;0.04294394993138569;118
0.6365631058752577;0.17092571587119681;0.23517215154955012;0.4542213108958999;0.549640508805729;0.04294394993138569;36
0.6365631058752577;0.17092571587119681;0.23517215154955015;0.4542213108958999;0.549640508805729;0.042943949931385686;36
0.9085024467264249;0.12682432054188197;0.052760405167433265;0.33798981047705917;0.20259925699297004;0.02171784375429467;10
0.9085024467264249;0.12682432054188197;0.052760405167433265;0.33798981047705917;0.20259925699297004;0.02171784375429467;10
0.9085024467264249;0.12682432054188197;0.052760405167433265;0.33798981047705917;0.20259925699297004;0.02171784375429467;10
0.9085024467264249;0.12682432054188197;0.052760405167433265;0.33798981047705917;0.20259925699297004;0.02171784375429467;128
0.9085024467264249;0.12682432054188197;0.052760405167433265;0.33798981047705917;0.20259925699297004;0.02171784375429467;10
0.9085024467264249;0.12682432054188197;0.052760405167433265;0.33798981047705917;0.20259925699297004;0.02171784375429467;10
0.48178268715099326;0.37827464921730997;0.5261223874071471;0.5658973188642775;0.11503997081430391;0.12047819390810745;40
0.48178268715099326;0.37827464921730997;0.5261223874071471;0.5658973188642775;0.11503997081430391;0.12047819390810745;40
0.48178268715099326;0.37827464921730997;0.5261223874071471;0.5658973188642775;0.11503997081430391;0.12047819390810745;40
0.48178268715099326;0.37827464921730997;0.5261223874071471;0.5658973188642775;0.11503997081430391;0.12047819390810745;40
0.48178268715099326;0.37827464921730997;0.5261223874071471;0.5658973188642775;0.11503997081430391;0.12047819390810746;40
0.48178268715099326;0.37827464921730997;0.5261223874071471;0.5658973188642775;0.11503997081430391;0.12047819390810746;40
0.32889582419484037;0.3387658592085181;0.3915614973224206;0.7035220897678797;0.19387971173608984;0.30201349284808665;48
0.32889582419484037;0.3387658592085181;0.3915614973224206;0.7035220897678797;0.19387971173608984;0.30201349284808665;48
0.32889582419484037;0.3387658592085181;0.3915614973224206;0.7035220897678797;0.19387971173608984;0.30201349284808665;48
0.32889582419484037;0.3387658592085181;0.3915614973224206;0.7035220897678797;0.19387971173608984;0.30201349284808665;88
0.32889582419484037;0.3387658592085181;0.3915614973224206;0.7035220897678797;0.19387971173608984;0.30201349284808665;48
0.32889582419484037;0.3387658592085181;0.3915614973224206;0.7035220897678797;0.19387971173608984;0.30201349284808665;48
0.4441292066673959;0.0;0.07301361866317164;0.7872880487842787;0.41764679033726576;0.05627562560400293;5
0.4441292066673959;0.0;0.07301361866317164;0.7872880487842787;0.41764679033726576;0.05627562560400293;5
0.4441292066673959;0.0;0.07301361866317164;0.7872880487842787;0.41764679033726576;0.05627562560400293;5
0.4441292066673959;0.0;0.07301361866317164;0.7872880487842787;0.41764679033726576;0.05627562560400293;93
0.44412920666739586;0.0;0.07301361866317163;0.7872880487842785;0.4176467903372656;0.056275625604002906;5
0.4441292066673958;0.0;0.07301361866317163;0.7872880487842785;0.41764679033726565;0.05627562560400291;5
0.11979789467794406;0.7768549437744734;0.36145845990923514;0.0;0.13936376122106717;0.48173684162855274;3
0.11979789467794406;0.7768549437744734;0.36145845990923514;0.0;0.13936376122106717;0.48173684162855274;3
0.11979789467794406;0.7768549437744734;0.36145845990923514;0.0;0.13936376122106717;0.48173684162855274;3
0.11979789467794406;0.7768549437744734;0.36145845990923514;0.0;0.13936376122106717;0.48173684162855274;3
0.11979789467794406;0.7768549437744734;0.36145845990923514;0.0;0.13936376122106717;0.48173684162855274;3
0.11979789467794406;0.7768549437744734;0.36145845990923514;0.0;0.13936376122106717;0.48173684162855274;3
0.33247452269241307;0.6363824516494427;0.6946836919743917;0.043095993868433984;0.0;0.005947302785063911;43
0.33247452269241307;0.6363824516494427;0.6946836919743917;0.043095993868433984;0.0;0.005947302785063911;43
0.33247452269241307;0.6363824516494427;0.6946836919743917;0.043095993868433984;0.0;0.005947302785063911;43
0.33247452269241307;0.6363824516494427;0.6946836919743917;0.043095993868433984;0.0;0.005947302785063911;46
0.33247452269241307;0.6363824516494427;0.6946836919743917;0.043095993868433984;0.0;0.005947302785063911;43
0.33247452269241307;0.6363824516494427;0.6946836919743917;0.04309599386843399;0.0;0.005947302785063911;43
0.4423866468099638;0.6875924147086153;0.5639001518614372;0.0;0.028082474707674002;0.11286593509271392;11
0.4423866468099638;0.6875924147086153;0.5639001518614372;0.0;0.028082474707674002;0.11286593509271392;11
0.4423866468099638;0.6875924147086153;0.5639001518614372;0.0;0.028082474707674002;0.11286593509271392;11
0.4423866468099638;0.6875924147086153;0.5639001518614372;0.0;0.028082474707674002;0.11286593509271392;57
0.4423866468099639;0.6875924147086154;0.5639001518614373;0.0;0.02808247470767401;0.11286593509271395;11
0.442386646809964;0.6875924147086154;0.5639001518614373;0.0;0.02808247470767401;0.11286593509271395;11
0.1818416016373502;0.6205958702760656;0.6098743370011038;0.22980527287364902;0.2621105869785032;0.2972124955835011;12
0.1818416016373502;0.6205958702760656;0.6098743370011038;0.22980527287364902;0.2621105869785032;0.2972124955835011;12
0.1818416016373502;0.6205958702760656;0.6098743370011038;0.22980527287364902;0.2621105869785032;0.2972124955835011;12
0.1818416016373502;0.6205958702760656;0.6098743370011038;0.22980527287364902;0.2621105869785032;0.2972124955835011;69
0.18184160163735016;0.6205958702760654;0.6098743370011037;0.22980527287364896;0.26211058697850315;0.29721249558350105;12
0.1818416016373502;0.6205958702760654;0.6098743370011038;0.22980527287364902;0.2621105869785032;0.2972124955835011;12
0.0;0.7986931590052575;0.32949766936866587;0.22609456532288888;0.0;0.4498908436168421;6
0.0;0.7986931590052575;0.32949766936866587;0.22609456532288888;0.0;0.4498908436168421;6
0.0;0.7986931590052575;0.32949766936866587;0.22609456532288888;0.0;0.4498908436168421;6
0.0;0.7986931590052575;0.32949766936866587;0.22609456532288888;0.0;0.4498908436168421;75
0.0;0.7986931590052575;0.32949766936866587;0.22609456532288888;0.0;0.4498908436168421;6
0.0;0.7986931590052576;0.3294976693686659;0.22609456532288894;0.0;0.4498908436168423;6
0.0;0.7291374160399162;0.2997645775236358;0.0;0.21682523071114218;0.5757487697944044;2
0.0;0.7291374160399162;0.2997645775236358;0.0;0.21682523071114218;0.5757487697944044;2
0.0;0.7291374160399162;0.2997645775236358;0.0;0.21682523071114218;0.5757487697944044;2
0.0;0.7291374160399162;0.2997645775236358;0.0;0.21682523071114218;0.5757487697944044;77
0.0;0.7291374160399163;0.29976457752363583;0.0;0.21682523071114224;0.5757487697944045;2
0.0;0.7291374160399163;0.29976457752363583;0.0;0.21682523071114226;0.5757487697944045;2
0.2324079678703811;0.7144697939314586;0.11715569769895785;0.011862088358966094;0.5119880753963237;0.3994014196748701;14
0.2324079678703811;0.7144697939314586;0.11715569769895785;0.011862088358966094;0.5119880753963237;0.3994014196748701;14
0.2324079678703811;0.7144697939314586;0.11715569769895785;0.011862088358966094;0.5119880753963237;0.3994014196748701;14
0.2324079678703811;0.7144697939314586;0.11715569769895785;0.011862088358966094;0.5119880753963237;0.3994014196748701;91
0.23240796787038118;0.7144697939314587;0.11715569769895788;0.011862088358966098;0.5119880753963238;0.3994014196748702;14
0.23240796787038115;0.7144697939314587;0.11715569769895788;0.0118620883589661;0.5119880753963238;0.39940141967487014;14
0.0;0.2604350693839218;0.5736270565223853;0.7766115983298576;0.0;0.0;13
0.0;0.2604350693839218;0.5736270565223853;0.7766115983298576;0.0;0.0;13
0.0;0.2604350693839218;0.5736270565223853;0.7766115983298576;0.0;0.0;13
0.0;0.2604350693839218;0.5736270565223853;0.7766115983298576;0.0;0.0;13
0.0;0.2604350693839218;0.5736270565223853;0.7766115983298576;0.0;0.0;13
0.0;0.2604350693839218;0.5736270565223853;0.7766115983298576;0.0;0.0;13
0.0;0.2604350693839218;0.5736270565223853;0.7766115983298576;0.0;0.0;13
0.0;0.2604350693839218;0.5736270565223853;0.7766115983298576;0.0;0.0;13
0.0;0.2604350693839218;0.5736270565223853;0.7766115983298576;0.0;0.0;13
0.0;0.2604350693839218;0.5736270565223853;0.7766115983298576;0.0;0.0;13
0.0;0.2604350693839218;0.5736270565223853;0.7766115983298576;0.0;0.0;13
0.0;0.2604350693839218;0.5736270565223853;0.7766115983298576;0.0;0.0;13
0.0;0.2604350693839218;0.5736270565223853;0.7766115983298576;0.0;0.0;13
0.0;0.2604350693839218;0.5736270565223853;0.7766115983298576;0.0;0.0;13
0.0;0.2604350693839218;0.5736270565223853;0.7766115983298576;0.0;0.0;13
0.0;0.2604350693839218;0.5736270565223853;0.7766115983298576;0.0;0.0;13
0.0;0.2604350693839218;0.5736270565223853;0.7766115983298576;0.0;0.0;13
0.0;0.2604350693839218;0.5736270565223853;0.7766115983298576;0.0;0.0;13
0.0;0.2604350693839218;0.5736270565223853;0.7766115983298576;0.0;0.0;13
0.0;0.2604350693839218;0.5736270565223853;0.7766115983298576;0.0;0.0;13
0.0;0.2604350693839218;0.5736270565223853;0.7766115983298576;0.0;0.0;13
0.0;0.2604350693839218;0.5736270565223853;0.7766115983298576;0.0;0.0;13
0.0;0.2604350693839218;0.5736270565223853;0.7766115983298576;0.0;0.0;13
0.0;0.2604350693839218;0.5736270565223853;0.7766115983298576;0.0;0.0;13
0.0;0.2604350693839218;0.5736270565223853;0.7766115983298576;0.0;0.0;13
0.0;0.2604350693839218;0.5736270565223853;0.7766115983298576;0.0;0.0;13
0.0;0.2604350693839218;0.5736270565223853;0.7766115983298576;0.0;0.0;13
0.0;0.2604350693839218;0.5736270565223853;0.7766115983298576;0.0;0.0;13
0.0;0.2604350693839218;0.5736270565223853;0.7766115983298576;0.0;0.0;13
0.0;0.2604350693839218;0.5736270565223853;0.7766115983298576;0.0;0.0;13
0.043745976517597936;0.2910087752912174;0.0;0.796554642891557;0.5277520762975243;0.019458393910691072;14
0.043745976517597936;0.2910087752912174;0.0;0.796554642891557;0.5277520762975243;0.019458393910691072;14
0.043745976517597936;0.2910087752912174;0.0;0.796554642891557;0.5277520762975243;0.019458393910691072;14
0.043745976517597936;0.2910087752912174;0.0;0.796554642891557;0.5277520762975243;0.019458393910691072;14
0.043745976517597936;0.2910087752912174;0.0;0.796554642891557;0.5277520762975243;0.019458393910691072;14
0.043745976517597936;0.2910087752912174;0.0;0.796554642891557;0.5277520762975243;0.019458393910691072;14
0.043745976517597936;0.2910087752912174;0.0;0.796554642891557;0.5277520762975243;0.019458393910691072;14
0.043745976517597936;0.2910087752912174;0.0;0.796554642891557;0.5277520762975243;0.019458393910691072;14
0.043745976517597936;0.2910087752912174;0.0;0.796554642891557;0.5277520762975243;0.019458393910691072;14
0.043745976517597936;0.2910087752912174;0.0;0.796554642891557;0.5277520762975243;0.019458393910691072;14
0.043745976517597936;0.2910087752912174;0.0;0.796554642891557;0.5277520762975243;0.019458393910691072;14
0.043745976517597936;0.2910087752912174;0.0;0.796554642891557;0.5277520762975243;0.019458393910691072;14
0.043745976517597936;0.2910087752912174;0.0;0.796554642891557;0.5277520762975243;0.019458393910691072;14
0.043745976517597936;0.2910087752912174;0.0;0.796554642891557;0.5277520762975243;0.019458393910691072;14
0.043745976517597936;0.2910087752912174;0.0;0.796554642891557;0.5277520762975243;0.019458393910691072;14
0.043745976517597936;0.2910087752912174;0.0;0.796554642891557;0.5277520762975243;0.019458393910691072;27
0.04374597651759794;0.2910087752912174;0.0;0.7965546428915572;0.5277520762975244;0.019458393910691076;14
0.04374597651759794;0.2910087752912174;0.0;0.7965546428915572;0.5277520762975244;0.019458393910691076;14
0.04374597651759794;0.2910087752912174;0.0;0.7965546428915572;0.5277520762975244;0.019458393910691076;14
0.04374597651759794;0.2910087752912174;0.0;0.7965546428915572;0.5277520762975244;0.019458393910691076;14
0.04374597651759794;0.2910087752912174;0.0;0.7965546428915572;0.5277520762975244;0.019458393910691076;14
0.04374597651759794;0.2910087752912174;0.0;0.7965546428915572;0.5277520762975244;0.019458393910691076;14
0.04374597651759794;0.2910087752912174;0.0;0.7965546428915572;0.5277520762975244;0.019458393910691076;14
0.04374597651759794;0.29100877529121744;0.0;0.7965546428915571;0.5277520762975244;0.019458393910691076;14
0.04374597651759794;0.2910087752912173;0.0;0.7965546428915572;0.5277520762975244;0.019458393910691076;14
0.04374597651759794;0.2910087752912173;0.0;0.7965546428915572;0.5277520762975244;0.019458393910691076;14
0.04374597651759794;0.2910087752912173;0.0;0.7965546428915572;0.5277520762975244;0.019458393910691076;14
0.04374597651759794;0.2910087752912174;0.0;0.7965546428915571;0.5277520762975244;0.019458393910691076;14
0.04374597651759794;0.2910087752912173;0.0;0.7965546428915572;0.5277520762975244;0.019458393910691076;14
0.04374597651759794;0.2910087752912173;0.0;0.7965546428915571;0.5277520762975244;0.019458393910691076;14
0.26388764687492866;0.0;0.6985451020634086;0.1206560810757597;0.6540949168962213;0.0;0
0.26388764687492866;0.0;0.6985451020634086;0.1206560810757597;0.6540949168962213;0.0;0
0.26388764687492866;0.0;0.6985451020634086;0.1206560810757597;0.6540949168962213;0.0;0
0.26388764687492866;0.0;0.6985451020634086;0.1206560810757597;0.6540949168962213;0.0;0
0.26388764687492866;0.0;0.6985451020634086;0.1206560810757597;0.6540949168962213;0.0;0
0.26388764687492866;0.0;0.6985451020634086;0.1206560810757597;0.6540949168962213;0.0;0
0.26388764687492866;0.0;0.6985451020634086;0.1206560810757597;0.6540949168962213;0.0;0
0.26388764687492866;0.0;0.6985451020634086;0.1206560810757597;0.6540949168962213;0.0;0
0.26388764687492866;0.0;0.6985451020634086;0.1206560810757597;0.6540949168962213;0.0;0
0.26388764687492866;0.0;0.6985451020634086;0.1206560810757597;0.6540949168962213;0.0;0
0.26388764687492866;0.0;0.6985451020634086;0.1206560810757597;0.6540949168962213;0.0;0
0.26388764687492866;0.0;0.6985451020634086;0.1206560810757597;0.6540949168962213;0.0;0
0.26388764687492866;0.0;0.6985451020634086;0.1206560810757597;0.6540949168962213;0.0;0
0.26388764687492866;0.0;0.6985451020634086;0.1206560810757597;0.6540949168962213;0.0;0
0.26388764687492866;0.0;0.6985451020634086;0.1206560810757597;0.6540949168962213;0.0;0
0.26388764687492866;0.0;0.6985451020634086;0.1206560810757597;0.6540949168962213;0.0;0
0.2638876468749287;0.0;0.6985451020634087;0.12065608107575973;0.6540949168962215;0.0;0
0.2638876468749287;0.0;0.6985451020634087;0.12065608107575973;0.6540949168962215;0.0;0
0.2638876468749287;0.0;0.6985451020634087;0.12065608107575973;0.6540949168962215;0.0;0
0.2638876468749287;0.0;0.6985451020634087;0.12065608107575973;0.6540949168962215;0.0;0
0.2638876468749287;0.0;0.6985451020634087;0.12065608107575973;0.6540949168962215;0.0;0
0.2638876468749287;0.0;0.6985451020634087;0.12065608107575973;0.6540949168962215;0.0;0
0.2638876468749287;0.0;0.6985451020634087;0.12065608107575973;0.6540949168962215;0.0;0
0.2638876468749287;0.0;0.6985451020634087;0.12065608107575973;0.6540949168962215;0.0;0
0.2638876468749287;0.0;0.6985451020634087;0.12065608107575973;0.6540949168962215;0.0;0
0.2638876468749287;0.0;0.6985451020634087;0.12065608107575973;0.6540949168962215;0.0;0
0.2638876468749287;0.0;0.6985451020634087;0.12065608107575973;0.6540949168962215;0.0;0
0.2638876468749287;0.0;0.6985451020634087;0.12065608107575973;0.6540949168962215;0.0;0
0.2638876468749287;0.0;0.6985451020634087;0.12065608107575973;0.6540949168962215;0.0;0
0.2638876468749287;0.0;0.6985451020634087;0.12065608107575973;0.6540949168962215;0.0;0
0.10875620014509499;0.6345341241818786;0.0;0.6415449109252509;0.19804562812781198;0.36706483163619524;9
0.10875620014509499;0.6345341241818786;0.0;0.6415449109252509;0.19804562812781198;0.36706483163619524;9
0.10875620014509499;0.6345341241818786;0.0;0.6415449109252509;0.19804562812781198;0.36706483163619524;9
0.10875620014509499;0.6345341241818786;0.0;0.6415449109252509;0.19804562812781198;0.36706483163619524;9
0.10875620014509499;0.6345341241818786;0.0;0.6415449109252509;0.19804562812781198;0.36706483163619524;9
0.10875620014509499;0.6345341241818786;0.0;0.6415449109252509;0.19804562812781198;0.36706483163619524;9
0.10875620014509499;0.6345341241818786;0.0;0.6415449109252509;0.19804562812781198;0.36706483163619524;9
0.10875620014509499;0.6345341241818786;0.0;0.6415449109252509;0.19804562812781198;0.36706483163619524;9
0.10875620014509499;0.6345341241818786;0.0;0.6415449109252509;0.19804562812781198;0.36706483163619524;9
0.10875620014509499;0.6345341241818786;0.0;0.6415449109252509;0.19804562812781198;0.36706483163619524;9
0.10875620014509499;0.6345341241818786;0.0;0.6415449109252509;0.19804562812781198;0.36706483163619524;9
0.10875620014509499;0.6345341241818786;0.0;0.6415449109252509;0.19804562812781198;0.36706483163619524;9
0.10875620014509499;0.6345341241818786;0.0;0.6415449109252509;0.19804562812781198;0.36706483163619524;9
0.10875620014509499;0.6345341241818786;0.0;0.6415449109252509;0.19804562812781198;0.36706483163619524;9
0.10875620014509499;0.6345341241818786;0.0;0.6415449109252509;0.19804562812781198;0.36706483163619524;9
0.10875620014509499;0.6345341241818786;0.0;0.6415449109252509;0.19804562812781198;0.36706483163619524;9
0.10875620014509502;0.6345341241818787;0.0;0.641544910925251;0.19804562812781204;0.3670648316361953;9
0.10875620014509502;0.6345341241818787;0.0;0.641544910925251;0.19804562812781204;0.3670648316361953;9
0.10875620014509502;0.6345341241818787;0.0;0.641544910925251;0.19804562812781204;0.3670648316361953;9
0.10875620014509502;0.6345341241818787;0.0;0.641544910925251;0.19804562812781204;0.3670648316361953;9
0.10875620014509502;0.6345341241818787;0.0;0.641544910925251;0.19804562812781204;0.3670648316361953;9
0.10875620014509502;0.6345341241818787;0.0;0.641544910925251;0.19804562812781204;0.3670648316361953;9
0.10875620014509502;0.6345341241818787;0.0;0.641544910925251;0.19804562812781204;0.3670648316361953;9
0.10875620014509502;0.6345341241818787;0.0;0.641544910925251;0.19804562812781204;0.3670648316361953;9
0.10875620014509502;0.6345341241818787;0.0;0.641544910925251;0.19804562812781204;0.3670648316361953;9
0.10875620014509502;0.6345341241818787;0.0;0.641544910925251;0.19804562812781204;0.3670648316361953;9
0.10875620014509502;0.6345341241818787;0.0;0.641544910925251;0.19804562812781204;0.3670648316361953;9
0.10875620014509502;0.6345341241818787;0.0;0.641544910925251;0.19804562812781204;0.3670648316361953;9
0.10875620014509502;0.6345341241818787;0.0;0.641544910925251;0.19804562812781204;0.3670648316361953;9
0.10875620014509502;0.6345341241818787;0.0;0.641544910925251;0.19804562812781204;0.3670648316361953;9
0.0;0.42493349959445487;0.019920767439375427;0.5530485466415538;0.07687969697234513;0.7122229294245876;3
0.0;0.42493349959445487;0.019920767439375427;0.5530485466415538;0.07687969697234513;0.7122229294245876;3
0.0;0.42493349959445487;0.019920767439375427;0.5530485466415538;0.07687969697234513;0.7122229294245876;3
0.0;0.42493349959445487;0.019920767439375427;0.5530485466415538;0.07687969697234513;0.7122229294245876;3
0.0;0.42493349959445487;0.019920767439375427;0.5530485466415538;0.07687969697234513;0.7122229294245876;3
0.0;0.42493349959445487;0.019920767439375427;0.5530485466415538;0.07687969697234513;0.7122229294245876;3
0.0;0.42493349959445487;0.019920767439375427;0.5530485466415538;0.07687969697234513;0.7122229294245876;3
0.0;0.42493349959445487;0.019920767439375427;0.5530485466415538;0.07687969697234513;0.7122229294245876;3
0.0;0.42493349959445487;0.019920767439375427;0.5530485466415538;0.07687969697234513;0.7122229294245876;3
0.0;0.42493349959445487;0.019920767439375427;0.5530485466415538;0.07687969697234513;0.7122229294245876;3
0.0;0.42493349959445487;0.019920767439375427;0.5530485466415538;0.07687969697234513;0.7122229294245876;3
0.0;0.42493349959445487;0.019920767439375427;0.5530485466415538;0.07687969697234513;0.7122229294245876;3
0.0;0.42493349959445487;0.019920767439375427;0.5530485466415538;0.07687969697234513;0.7122229294245876;3
0.0;0.42493349959445487;0.019920767439375427;0.5530485466415538;0.07687969697234513;0.7122229294245876;3
0.0;0.42493349959445487;0.019920767439375427;0.5530485466415538;0.07687969697234513;0.7122229294245876;3
0.0;0.42493349959445487;0.019920767439375427;0.5530485466415538;0.07687969697234513;0.7122229294245876;3
0.0;0.42493349959445487;0.019920767439375427;0.5530485466415538;0.07687969697234513;0.7122229294245876;3
0.0;0.42493349959445487;0.019920767439375427;0.5530485466415538;0.07687969697234513;0.7122229294245876;3
0.0;0.42493349959445487;0.019920767439375427;0.5530485466415538;0.07687969697234513;0.7122229294245876;3
0.0;0.42493349959445487;0.019920767439375427;0.5530485466415538;0.07687969697234513;0.7122229294245876;3
0.0;0.42493349959445487;0.019920767439375427;0.5530485466415538;0.07687969697234513;0.7122229294245876;3
0.0;0.42493349959445487;0.019920767439375427;0.5530485466415538;0.07687969697234513;0.7122229294245876;3
0.0;0.42493349959445487;0.019920767439375427;0.5530485466415538;0.07687969697234513;0.7122229294245876;3
0.0;0.42493349959445487;0.019920767439375427;0.5530485466415538;0.07687969697234513;0.7122229294245876;3
0.0;0.42493349959445487;0.019920767439375427;0.5530485466415538;0.07687969697234513;0.7122229294245876;3
0.0;0.42493349959445487;0.019920767439375427;0.5530485466415538;0.07687969697234513;0.7122229294245876;3
0.0;0.42493349959445487;0.019920767439375427;0.5530485466415538;0.07687969697234513;0.7122229294245876;3
0.0;0.42493349959445487;0.019920767439375427;0.5530485466415538;0.07687969697234513;0.7122229294245876;3
0.0;0.42493349959445487;0.019920767439375427;0.5530485466415538;0.07687969697234513;0.7122229294245876;3
0.0;0.42493349959445487;0.019920767439375427;0.5530485466415538;0.07687969697234513;0.7122229294245876;3
0.0;0.9243003589066385;0.0;0.07997670631911763;0.0;0.373192407440726;0
0.0;0.9243003589066385;0.0;0.07997670631911763;0.0;0.373192407440726;0
0.0;0.9243003589066385;0.0;0.07997670631911763;0.0;0.373192407440726;0
0.0;0.9243003589066385;0.0;0.07997670631911763;0.0;0.373192407440726;0
0.0;0.9243003589066385;0.0;0.07997670631911763;0.0;0.373192407440726;0
0.0;0.9243003589066385;0.0;0.07997670631911763;0.0;0.373192407440726;0
0.0;0.9243003589066385;0.0;0.07997670631911763;0.0;0.373192407440726;0
0.0;0.9243003589066385;0.0;0.07997670631911763;0.0;0.373192407440726;0
0.0;0.9243003589066385;0.0;0.07997670631911763;0.0;0.373192407440726;0
0.0;0.9243003589066385;0.0;0.07997670631911763;0.0;0.373192407440726;0
0.0;0.9243003589066385;0.0;0.07997670631911763;0.0;0.373192407440726;0
0.0;0.9243003589066385;0.0;0.07997670631911763;0.0;0.373192407440726;0
0.0;0.9243003589066385;0.0;0.07997670631911763;0.0;0.373192407440726;0
0.0;0.9243003589066385;0.0;0.07997670631911763;0.0;0.373192407440726;0
0.0;0.9243003589066385;0.0;0.07997670631911763;0.0;0.373192407440726;0
0.0;0.9243003589066385;0.0;0.07997670631911763;0.0;0.373192407440726;0
0.0;0.9243003589066385;0.0;0.07997670631911763;0.0;0.373192407440726;0
0.0;0.9243003589066385;0.0;0.07997670631911763;0.0;0.373192407440726;0
0.0;0.9243003589066385;0.0;0.07997670631911763;0.0;0.373192407440726;0
0.0;0.9243003589066385;0.0;0.07997670631911763;0.0;0.373192407440726;0
0.0;0.9243003589066385;0.0;0.07997670631911763;0.0;0.373192407440726;0
0.0;0.9243003589066385;0.0;0.07997670631911763;0.0;0.373192407440726;0
0.0;0.9243003589066385;0.0;0.07997670631911763;0.0;0.373192407440726;0
0.0;0.9243003589066385;0.0;0.07997670631911763;0.0;0.373192407440726;0
0.0;0.9243003589066385;0.0;0.07997670631911763;0.0;0.373192407440726;0
0.0;0.9243003589066385;0.0;0.07997670631911763;0.0;0.373192407440726;0
0.0;0.9243003589066385;0.0;0.07997670631911763;0.0;0.373192407440726;0
0.0;0.9243003589066385;0.0;0.07997670631911763;0.0;0.373192407440726;0
0.0;0.9243003589066385;0.0;0.07997670631911763;0.0;0.373192407440726;0
0.0;0.9243003589066385;0.0;0.07997670631911763;0.0;0.373192407440726;0
0.4885771722500177;0.1725485367465815;0.45467672426753514;0.035425486982554336;0.39527904669212055;0.6060428497642317;31
0.5127858407914897;0.08636814410201131;0.4702820786479641;0.21189083681565266;0.370766910306754;0.5710167801088118;30
0.5718582404897936;0.13206326082206565;0.48403699904745023;0.17930840282261865;0.37275912270050465;0.5001447436481271;55
0.4816610075961413;0.12816076864666867;0.4997512521097088;-0.01055808887960061;0.3060490677739035;0.6387868752800719;40
0.5478769617807662;0.15669059085643564;0.35411416359110837;-0.053372286179083586;0.4691244635513552;0.5718003929666183;55
0.4324113707346125;0.14953468702991035;0.5599587584139969;-0.0333118593673728;0.4402737591790547;0.5311829343207174;43
0.5178336039573878;0.05997032323399935;0.6269819210523588;-4.418006032473493E-4;0.32812651950500277;0.47694693795742804;6
0.5087232007804333;-0.09051496337613078;0.5576958503339423;0.04596073655619505;0.37281221583578245;0.529982780222014;9
0.5803484004490369;0.029358971595181912;0.5510289069028534;0.027596116896773805;0.32479301515377074;0.5024429124588249;7
0.6190577982718718;0.018583140707699005;0.49053645665405965;0.03780385204454286;0.27642450880341324;0.5458538757551201;6
0.4958905037437535;-0.003716116111676711;0.4772949546770863;-0.0970470870179626;0.35292426471300137;0.6263342967583083;9
0.5680343325020242;0.07717300629812435;0.393925951707629;-0.042921121010579495;0.4163021394301288;0.5839982661328893;57
0.513286392265357;0.09929056376168201;0.5399766498151709;-0.022738191609335545;0.37922170562113283;0.5392379379695215;30
0.644547715412408;0.012861222595464733;0.4917491943448891;0.02491351037629721;0.38755135638262517;0.4379027569425267;7
0.497216573747599;-0.0060208851322402866;0.554292957099986;-0.08221030456963613;0.447386916424553;0.48845179729116933;6
1.0;0.0;1.0;0.0;0.6803613921947287;1.0;17
0.5030814886102188;0.13084052786823241;0.46475193050737157;0.1228462248464059;0.3852135239008699;0.5918739403111277;72
0.538369019400934;0.13151660379386965;0.4947786605467545;0.1002000176429979;0.34756847222061205;0.563216097538001;23
0.5008427747636433;0.15467156118089054;0.447677764556225;-0.044895591750283945;0.4597973376485282;0.5580220751758651;59
0.5145013408017854;-0.030447133214045876;0.5878484766555123;0.027513839858784268;0.35641623212097134;0.5108874327901596;9
0.5989293215195781;0.024414659171920924;0.5237345867184328;0.032345996263008936;0.30283063025996154;0.5231032601873142;6
0.55910055241097;0.06624979131078466;0.405950837693383;-0.050383399932051265;0.40831991813712554;0.5907265122582905;47
0.539762935618237;0.08319234770516697;0.5324736643271163;-0.013764912323610101;0.3819604725017587;0.5216546060844243;6
0.5316094474052533;-9.610303125125896E-4;0.5407197581528398;-0.013122089685659777;0.3791006552192833;0.530210447811004;6
0.5118548738752582;0.13106312473338413;0.4722338378255273;0.11741623968715169;0.3762685985279514;0.585198783540584;53
0.5047489749858908;0.13071398926032693;0.46817617123527905;-0.035459409840987124;0.44797696855261177;0.5540872348736794;43
0.5647375370314008;0.06163685869210219;0.42012404787698854;-0.04109990527150941;0.39717108675607266;0.5842380695790067;6
0.5361755451632536;0.04115321818177975;0.5370868966585935;-0.013455781751105386;0.3808781815962147;0.5264129705480666;6
0.5105406680701273;0.1313876368447309;0.47214445096074054;0.04912047561659303;0.40988821637645817;0.5733619812202161;61
0.5517885852151546;0.05151940876143373;0.47976364472373717;-0.02734385288404338;0.3899660308840677;0.5566693465734468;6