Height; Roughness; NumHoles; HoleDepth; Breake; MaxHeightDiff; Score
0.836212191377947;0.12512263064249585;0.13908523571367226;0.7997790678863491;0.12266325414418444;0.5329932689746573;32
0.14130974373356495;0.7186058220512431;0.5229848674741304;0.3814279180285105;0.14123186899154253;0.15713166378126686;20
0.11992516463280162;0.5238153594876603;0.7844717658951879;0.30133844150662575;0.0;0.0709550296755063;42
0.10444673480958158;0.14404193734521029;0.6679915961412652;0.1715252950466462;0.2165050067971997;0.6677085311339117;49
0.22012032822985245;0.175053887934988;0.30235609312600237;0.7640560517920078;0.1944861717645569;0.45593579491062464;16
0.0;0.5903676244919246;0.14101000250326753;0.0;0.054360210647558825;0.7928601482254883;6
0.4797734525562519;0.38021088231466676;0.31280908677271607;0.7252278283959881;0.0381076284254916;0.0;38
0.5954484371009157;0.2194005964196392;0.12557926337788355;0.0;0.7379577987195236;0.19223078047827555;8
0.4761086140508042;0.638769698928203;0.38474367444324115;0.4390165374012351;0.11183204027609425;0.10965509103377097;44
0.6844606484820915;0.0;0.15498034001063468;0.32609050525746336;0.6301597723239065;0.06370524794141752;9
0.0;0.07732234868031314;0.7119886071042194;0.3505256430334346;0.42257940291061946;0.4308734147752159;21
0.5132702836508524;0.021986051145574843;0.5681227508203758;0.5653859191819246;0.2892301967611477;0.09995711654807433;30
0.47598546992697566;0.5522196616084734;0.0;0.6797357743114766;0.07741886678714098;0.02137460965706773;8
0.7932810172926084;0.0181712830083507;0.10223748853496019;0.18556310153533934;0.5705163129689496;0.0;33
0.7160290519637201;0.535021201846873;0.1267835905398427;0.3096885979921108;0.10796055530298784;0.27824112251865435;39
0.1902261647909515;0.7038433988384661;0.6700919290623519;0.0;0.04852427301172973;0.1305399466623939;13
0.0;0.25305390197275873;0.1099282817097595;0.14222006382708233;0.9396245858722614;0.14407840450984774;8
0.19345532621376996;0.0;0.1732145444391139;0.5759726089362812;0.5670279474167784;0.5284946725916195;3
0.0;0.7634124573999375;0.5853711316905672;0.25879795326876553;0.08698090281085233;0.0;26
0.0691211432454351;0.11767406215511295;0.845560175009168;0.40505536640977297;0.24339918901647448;0.20758144912200313;76
0.3479036269375126;0.8531372647635938;0.3429561467800448;0.14414417826926512;0.0;0.11279809879727938;20
0.393775520075441;0.7943789940396802;0.08789688763131484;0.19837721150226786;0.3997561784206239;0.08377631248552629;11
0.0;0.2645704997104267;0.7751634163478083;0.5299954958443389;0.0;0.21961079896872765;49
0.8551243248536093;0.046836653788455807;0.3104177319979651;0.39647505569047636;0.11409241334125751;0.0;33
0.48584594440946366;0.7435356933928242;0.22222953511685445;0.13484640302418344;0.3057546217691158;0.22372524115919495;15
0.032243258994631686;0.4038836761525309;0.39723464760617305;0.8199791315580192;0.0;0.07534724240129081;34
0.23675784572259786;0.0;0.1016974366909963;0.7084265778441156;0.014057133572243486;0.6569151654963393;3
0.0;0.627067702446001;0.3694374439345911;0.533290699918895;0.34970774765413015;0.25220545628288793;4
0.0;0.3720233398418593;0.12409950988615126;0.0;0.21600875594910346;0.8941689793390545;8
0.4226122856826354;0.0;0.8088967154244457;0.028150945251549955;0.40778975471078976;0.0;0
0.4433993578233693;0.0;0.5876363361143127;0.6523976277937059;0.12679553998860504;0.12798739097314957;5
0.8110455620701869;0.18342199376626658;0.33969976682124725;0.0;0.0;0.4395060146012254;55
0.2534586565756199;0.4218947736205245;0.5981196856015265;0.0;0.14627059842667361;0.615322080808419;24
0.06300955111753415;0.6330522988115659;0.7643036514427266;0.10542538512461735;0.0;0.0;29
0.5925597560076219;0.0;0.18269830183834596;0.32833110481659383;0.7125257550962542;0.0;0
0.25383675907657977;0.6681456386776707;0.26421358746325185;0.0;0.6475642712945987;0.0;14
0.5154301699293458;0.3621947257538969;0.6919212695284283;0.0;0.2862867715674483;0.2059892272967722;38
0.19089935546936368;0.0;0.3933988715613013;0.4309555922156817;0.7118130017798697;0.34116607681719846;5
0.2334513535435909;0.40476325683727254;0.022207465065398935;0.10482332889528871;0.3487264562336979;0.8053421188417477;11
0.05399110150055702;0.11611108156726609;0.0;0.5584369477921556;0.7800753333728833;0.2514633716862212;19
0.016120769640493977;0.5477037891554998;0.3140823099835511;0.4437021900731341;0.3468721023333693;0.5328424662444197;13
0.7368133904485051;0.2943843657381517;0.607962872662821;0.028723132285591358;0.0;0.0;44
0.1902922672997882;0.17671343062828812;0.5036710291316051;0.14977567752912027;0.6166736775248842;0.525506929282217;55
0.0;0.3019070509848973;0.2592306859567839;0.6755188228904984;0.6207462476282989;0.0;13
0.2213762137068556;0.8861702791059465;0.2670448844612127;0.21463026962659681;0.012113400108138288;0.2194742604840889;11
0.4943751765562648;0.47930892996772206;0.3598882554576383;0.11682466612061879;0.08746710712114057;0.6124035275857594;7
0.0;0.4940822649218642;0.45005643327696415;0.5092708677916449;0.5093039665808954;0.18596928563450943;36
0.2831631648643496;0.00605954359040763;0.37937269004944696;0.5864885102762196;0.5240429184438908;0.39657094319039277;32
0.2990575005418532;0.29528918807687676;0.7765952097264599;0.3894773867492753;0.2618704874846146;0.0;97
0.19636196889987823;0.21728757360484288;0.7282373427884128;0.30542478136192797;0.5218432973550562;0.1352543383066736;38
0.6061107014005452;0.4419157731536466;0.4873965425128075;0.05105081904934091;0.05655605163613971;0.44043172493592764;51
0.3418766805184163;0.03519841227863926;0.43416506134721666;0.8148139397935814;0.07526009631437634;0.15426039030468017;19
0.10111272501344068;0.040575982677099574;0.06052190666706527;0.0;0.0;0.9922030564776179;10
0.24056865216002676;0.027216841680355885;0.136271100781762;0.9188542100500896;0.0;0.28021972609330587;20
0.4713134689226348;0.7483603832611008;0.0;0.3098032714167435;0.3050856304607566;0.16960259987175047;8
0.44033845934389454;0.12892460705488262;0.06852430310116173;0.7219683278426382;0.0;0.5133679386122535;24
0.604847194374251;0.4709452857445236;0.6361995413182663;0.0;0.012112660988831918;0.08645135257937407;64
0.406501413531137;0.5282461791503584;0.4835192089363823;0.44503206236227627;0.31651911445751685;0.15389562453942116;33
0.0;0.5149794469303813;0.0769963144294714;0.5509545600655843;0.585979033409538;0.28626103812939413;8
0.2178673721725819;0.6421134217455295;0.33535826259538526;0.5754395611807941;0.29872602543834803;0.08597133603549924;23
0.10595438616766374;0.4911030002035035;0.0;0.10697461473368451;0.828475742631877;0.22310510284637347;9
0.25197954214999485;0.4693810353071361;0.04089125863121316;0.31403211227644356;0.619465449837845;0.4818319706244355;13
0.39742092594942324;0.25421411771608937;0.5775175011811171;0.19447208208586772;0.637248723098006;0.0;90
0.572138588869504;0.10970087118910757;0.6369582682462974;0.0;0.4217439958674179;0.27755957999900654;7
0.21450989176363547;0.09651440456536851;0.8791350420094769;0.10865694317646693;0.23039352865639698;0.3269626043001574;32
0.34882633267131735;0.4142273836461835;0.8233694048964421;0.02072411149489742;0.14746305747660868;0.08138700900999905;45
0.36319699775695796;0.30091415743285693;0.0;0.49123877475499067;0.5122053952267294;0.5233246697363424;30
0.3127418052353981;0.0;0.0;0.4043156693022828;0.8537845429679954;0.09886029032772828;5
0.39889713400331633;0.2624835917478424;0.44602381316123596;0.5541682937245066;0.0;0.5156972957759931;49
0.21319981261000293;0.24134843388041574;0.46679982076349014;0.6153140548017321;0.250003667449738;0.4871154698085822;34
0.0;0.3398395620615648;0.07538829236667241;0.9374570269787523;0.0;0.0;9
0.9417122516661285;0.11557625355387355;0.0;0.0;0.3159432934505193;0.0;42
0.4776511814341113;0.4055185264520305;0.21889387892891762;0.735691139136617;0.1350058920790854;0.004636835776805727;23
0.5908938379815031;0.32358186838851805;0.21424728103058352;0.07219666034875544;0.6921786527607192;0.1261495309286939;30
0.48109775049644576;0.220043719349921;0.5946997257075589;0.0;0.5626169728636158;0.2234280513522163;87
0.17915666065323188;0.0;0.48173672971842957;0.689788689132478;0.0;0.509925659806087;5
0.06586678221069583;0.24558955534397753;0.7330214003275606;0.07131162956761994;0.6056736174410403;0.16155830091107512;51
0.4160448608469344;0.43024861848336854;0.03572037008283564;0.7899576985767846;0.10226057242039181;0.07763030983241728;9
0.45927976996385217;0.7807740073564713;0.09996150000581117;0.33042275709387436;0.0;0.24552503426237146;8
0.0;0.12391704948485542;0.0;0.8761347024497811;0.30913037699333096;0.34852683975579635;12
0.4448288725958429;0.1952050351857425;0.6546672400540117;0.37152106565507587;0.3870430117402557;0.21818083779483596;39
0.25556909828880714;0.4827089230421115;0.26589229881116233;0.3076680819334137;0.5171438867250832;0.5185367574536784;21
0.025451657357005813;0.21711397184584705;0.481860409507784;0.0;0.8383426334738528;0.13117130408827357;48
0.5470543866224383;0.13616793642346522;0.4204727485747888;0.6181213686297838;0.3511078630210653;0.006457634343097869;9
0.21322886601730726;0.921188465174333;0.18983967683107156;0.03405688038630121;0.24040095246949864;0.10465978395503979;7
0.1879277145003828;0.32334415142237977;0.28529805421975446;0.07123939010268121;0.27619619318076616;0.8350912323167313;13
0.2084772857707609;0.21418149790825233;0.04813606628835142;0.7279288579230042;0.6127623889695013;0.05466496923092192;32
0.16629544824879094;0.08323962117717992;0.12140287245872441;0.05511642731132909;0.04744829853985901;0.9723112517722355;8
0.2932178216211091;0.5091896952100393;0.20378274509203947;0.16147092225563636;0.44151813461920447;0.6262672227146524;13
0.0;0.022754058888839062;0.0;0.0;0.6806803755432403;0.7322270680290348;4
0.127013054529598;0.0;0.9554572422941598;0.20963137582447283;0.0;0.16438925876297156;5
0.0;0.6255050762302066;0.0;0.1624722489323213;0.35927231316378305;0.6732529784048948;7
0.5521865113323489;0.0;0.39601056502359716;0.1711001324256573;0.11540688090865349;0.7040395483317393;23
0.5519229801995899;0.6112009206250388;0.0;0.4106095979588991;0.01692092878056045;0.39105996827589334;8
0.5427859170902903;0.7119257521295264;0.18573038228948902;0.2945209557050572;0.2000402400612027;0.19310801579607503;21
0.6521959422583662;0.3751078467754029;0.614871393399228;0.0;0.23636354576908594;0.0;80
0.034786968969269444;0.30888093914308573;0.0;0.4462213144479193;0.8313865703050493;0.11430372466719953;6
0.4906018321107263;0.060568520827324675;0.4680204414206297;0.49239966628509146;0.12124684949466785;0.528620783886498;22
0.034048042796593875;0.6077857078468405;0.4106187045315662;0.6318918082553514;0.22329671933586567;0.10807803385182578;14
0.12308784179004047;0.35458972587785265;0.2805220766341802;0.7757115417071266;0.24267125002059567;0.3461287946732849;9
0.0;0.757654662095861;0.3175365848466404;0.0;0.35301689419073023;0.4477823162031637;2
0.0;0.0;0.0;0.36382631992782305;0.35762036227040833;0.8600802784725152;7
0.0;0.12608509588560293;0.0;0.4176023457879194;0.4882860056435656;0.7558357004538733;3
0.1714411574470235;0.8244317682697032;0.0;0.42002438100645895;0.31397456161111337;0.12617322624933452;6
0.5468339590378771;0.5852638039861233;0.518633399018389;0.2990958013902679;0.0;0.0;21
0.2848789164810959;0.0;0.7803646946988718;0.33620163257475094;0.41285548903362235;0.1624615451144489;5
0.15935716783133225;0.16891840884095377;0.1867574340979616;0.1818724465952132;0.0;0.937078405574493;17
0.13659394870799638;0.08471488695511414;0.779306969120262;0.43514935838843777;0.4046948612515449;0.1171035189729774;27
0.0;0.518186067600666;0.42665024800263246;0.32999450367740113;0.3418194992849391;0.5689602997355346;14
0.017157813439181917;0.9164594406804637;0.20163707115635027;0.059911578276394616;0.3399423441549437;0.0;7
0.48260421354882965;0.16956981517904238;0.0;0.0;0.25500714930142626;0.8205550588779655;10
0.028342855488291355;0.9049331777352249;0.0;0.0;0.1887575379253308;0.380346182119875;2
0.7516616793128129;0.42048608068943844;0.1175538195708465;0.23672650960873023;0.4339581066012419;0.004265755140049789;12
0.2126152476468899;0.6424496332578756;0.30175574208258876;0.18398729876772638;0.27053206514578865;0.5864791325658306;13
0.3519379920651491;0.18933752048129332;0.4275972027846696;0.014756885010900883;0.0;0.810699586526753;40
0.2617287180488966;0.09043623457669386;0.0;0.48226415837728215;0.7153016914937971;0.4231833377093608;9
0.1762625730559896;0.34154224580691483;0.24235503094493174;0.7814703714349215;0.4217019787928357;0.07082328922116624;3
0.1265413912045751;0.6617326355804328;0.3487810515867675;0.021230412992659983;0.2778293817411515;0.5889049817918882;9
0.28656009545769573;0.05997744139918383;0.5347247969472753;0.7920920948256345;0.0307493586748943;0.0;33
0.18794196202416374;0.007301741419749059;0.5436085008550327;0.7304490719705218;0.36818263747533564;0.0;33
0.5951346877411271;0.0;0.5803254608316322;0.13154357801805755;0.49671654403486326;0.21214623475822963;20
0.40460466065578793;0.19657141636049189;0.7991982237213213;0.2889341848059113;0.0;0.2746888838247246;54
0.40248873645739563;0.0;0.7292193362366381;0.25750736234690985;0.11301340137398759;0.4766129521221025;20
0.5879548368831591;0.3533604090844626;0.5240329255118905;0.033993542674271696;0.4910695316925515;0.1119382783346211;27
0.2504332993112712;0.07235053199567003;0.1840833105539551;0.8911477442582865;0.24151925943114838;0.2137429370030937;20
0.05941401860235385;0.0;0.6324541590707714;0.4510395336032023;0.2566254994825437;0.5719951076800773;6
0.33266542012702216;0.25655728911324;0.07524900928941898;0.2394846315855626;0.6207146236698015;0.6125439816472955;19
0.1539848519859823;0.05628249972403295;0.47459271782808643;0.26927585311679564;0.8215972911242234;0.018737767043593916;8
0.28106877568606337;0.044919939946516316;0.0;0.813877872206931;0.1955888018944333;0.4672583568380106;9
0.7498217230272092;0.2375813993218049;0.0;0.14176322844942096;0.1856980993657838;0.5716133879855625;38
0.5080381764183151;0.7794919341971019;0.1733057469184012;0.0;0.32288489266032405;0.0;14
0.19298002292620656;0.9015150167054041;0.0;0.0;0.19113190982856545;0.33689461030319406;6
0.23889204913436218;0.030785934365037525;0.0;0.5059526460569032;0.812389300970208;0.16130207290302315;20
0.4744503378784705;0.42111800826066575;0.09891325654817212;0.3130539246400421;0.6998356292388073;0.0;22
0.6233178728538267;0.3213385409959819;0.3506397690339555;0.42571052427129547;0.4385674285523894;0.10815398264036542;40
0.5193379233727565;0.7749457983536613;0.0;0.15200918038867206;0.27084795972426623;0.18243278968334076;11
0.6371586182455748;0.4907179512377546;0.19499817117438997;0.3875417866489823;0.17393107909586986;0.3670965051488707;27
0.5358167115387114;0.5750414527921579;0.09484398343073151;0.41894652932542076;0.3039079198096293;0.3245861670753782;21
0.0;0.700757621480849;0.6027590434620699;0.0015747220401954281;0.3803305968173627;0.03108776023194271;6
0.6979849724733167;0.047176254746205765;0.5125720799625957;0.4976744817770316;0.0;0.013466707850324123;11
0.0;0.8471785889125497;0.24418665614433985;0.46823957243275866;0.012888389684355748;0.05698164325919804;6
0.23833689702355837;0.0;0.4802163378531908;0.049928841378329;0.07485374882280242;0.8393401095276231;28
0.20640906902603345;0.8576915257195991;0.05621504222889766;0.0;0.0;0.4675472296568508;2
0.0756539720059189;0.13702046178617858;0.0;0.5919569793096643;0.7894931020941427;0.042301843505635435;8
0.6165878496760075;0.0;0.02609965682787719;0.08789178296326138;0.5161004726442205;0.5874126047075731;36
0.0;0.0;0.4337943649467198;0.6844319056593134;0.5725411290087;0.12478810459926094;3
0.47415166876472425;0.13415016874680136;0.0;0.02500312711762469;0.3000067539749192;0.8164280240392319;29
0.40857192468072395;0.08278966515161418;0.4940269376415818;0.0;0.0;0.7629890160357835;72
0.13992312191189504;0.5182777601282806;0.39580254487052985;0.5077142477118975;0.503108733027592;0.21037555515450634;36
0.08071974844864448;0.5299253570573461;0.1337384534973678;0.40258087629820727;0.633265816247312;0.36287809003266847;3
0.3351051129574179;0.5450681623302747;0.4076075130503564;0.08957688656979926;0.45993949677792006;0.4526510992858983;16
0.0;0.0;0.3817520328173031;0.7638613710901879;0.5203664009100465;0.0;0
0.4685213046523581;0.0;0.7767859498379763;0.0;0.4208222608431799;0.0;0
0.13969140050514658;0.18510984638087652;0.5401927727819257;0.6563770206282;0.37325802398830066;0.2902758687034294;33
0.0;0.4841115293351554;0.16224799947387253;0.8241747118675813;0.10912063966386967;0.2194090794585332;10
0.49048885691877775;0.28712645648123036;0.8220138481534939;0.0;0.0;0.035669492159656264;134
0.448152112823525;0.08901574304184647;0.6695834899801644;0.05041921760099444;0.5030898287424016;0.29538510104767707;7
0.2985601119381115;0.292369057804524;0.19047658108539153;0.8185022690118403;0.345188211384002;0.0;14
0.8870820902984635;0.08327860857833962;0.18722033571834212;0.35722581426199257;0.0;0.2085384903161326;13
0.4851707841603878;0.7302973529539233;0.0;0.0;0.3531388837067029;0.32644756896027155;22
0.7614165958147586;0.3978839953724872;0.32915263186427773;0.029588840841542844;0.390462219165566;0.01598107265066015;19
0.3485812768623007;0.4165454535082016;0.7012890233900079;0.31320606940262397;0.0;0.33922948330701236;79
0.7611033063634491;0.09774878151570841;0.1523722885359623;0.5634722507815464;0.006496109161552301;0.2653421218089448;13
0.25264895071276494;0.061280957011891055;0.0;0.4592400219636218;0.8314443251628395;0.17381624893204922;14
0.10402288593830163;0.46729427153869113;0.6846171430864659;0.043402820422195086;0.09401966258914084;0.5398066029665989;14
0.34310283180620027;0.3172136819432564;0.16443054448873273;0.5839873507066151;0.17573802087977816;0.6186222151407396;39
0.4484475815362358;0.0;0.7099187781366342;0.0;0.5073153807666313;0.19375551476254194;22
0.11137998816719054;0.6828452111771232;0.0;0.5147243673197123;0.5063356016474335;0.0;8
0.6001510492267005;0.5463299095205937;0.25956916682289544;0.16730969005839125;0.15521789023101917;0.4710425351016347;11
0.0;0.8330194538354072;0.040927852104384675;0.006380373545298767;0.40490415115367656;0.37472045536082615;3
0.19351676738572018;0.5357380229882707;0.6614182032332463;0.36350700464997376;0.2656598924112853;0.18801455005220363;39
0.12929955460011647;0.6869841411245959;0.12196353092720404;0.5788707182966617;0.3178205346368533;0.24567887863862722;6
0.3870054751854435;0.8392090693985205;0.04571971000169252;0.3332045851259687;0.180243759455161;0.01874832690190029;9
0.4728858982058091;0.5557560330000054;0.1171443631288148;0.6627315241335473;0.1207405655484191;0.0;8
0.0;0.4441122395631267;0.739079476347032;0.45466489143440547;0.2231718683207216;0.0;8
0.0;0.332553770467865;0.0;0.25840556524386155;0.8747002941709069;0.23986235422828667;9
0.2774784643567325;0.10012181874913202;0.1749271860407414;0.0;0.4424093934375349;0.8286469280765457;12
0.0;0.15189638775751224;0.7817660259024171;0.12403086110210898;0.518473670447704;0.2856059640093603;49
0.0;0.5454938989889183;0.0;0.36127970736671294;0.6389847196543561;0.4044896874570898;2
0.2931726454341212;3.5140432947358837E-4;0.8158717967756595;0.3881859653228264;0.11194277646921065;0.2918618831450301;31
0.0;0.4569027499592873;0.0;0.31343820289865704;0.604205587203546;0.5726534540499337;7
0.5660020287494497;0.29337608042875646;0.14141285878150295;0.0;0.29258016838042045;0.6985495167312726;15
0.5477148928521982;0.3774060361831267;0.035753293562010326;0.7458517158255482;0.0;0.0;19
0.13613476003015162;0.0;0.6123443658606156;0.23557496483554316;0.07065314239589915;0.7389277868118176;21
0.41553496107367577;0.3847193260719984;0.4792337582190534;0.6630999463823496;0.09977576039887211;0.0;39
0.7257643749643409;0.5613324081205903;0.16035227017744005;0.10512220779629705;0.31671406485553305;0.14526070227634721;54
0.3358023282866459;0.17115493856343758;0.0;0.11538069729699407;0.8760873699787014;0.2776706649570225;10
0.5001456272728834;0.08831661466950687;0.0;0.0;0.0;0.8614258685999231;12
0.8086799907316145;0.22352050358905393;0.0;0.14113048313841056;0.5054185807130075;0.14390796386850846;59
0.0;0.6446222967293281;0.06850593817673405;0.038226435985228006;0.41964828278432026;0.6341948354740601;6
0.010357799009438774;0.0;0.5259767036090848;0.2821620116166588;0.6669652766560658;0.4458510313947242;6
0.905226577866627;0.034035317223919045;0.0;0.3431814892723634;0.24825975373818765;0.0;33
0.26209800160447627;0.3095453754151639;0.38575673662158594;0.5730165575871533;0.5301957883387072;0.2778893467262738;26
0.13560366707943747;0.6296526369230286;0.16106228217921445;0.0;0.05309624117407775;0.7459148294027229;4
0.29608038258492453;0.0;0.0;0.4373966724867972;0.04205284805934766;0.8480873280010378;3
0.0916361022154667;0.9443358780651353;0.0;0.0;0.3159629316386761;0.0;6
0.0;0.6251531159587412;0.6975227810354829;0.00544320535751318;0.3501655652102849;0.0;7
0.21824860078836744;0.03882382043882806;0.028530906333616803;0.14910597523024807;0.9239941010019102;0.27211864336819075;20
0.1239293739537466;0.6598045986334747;0.286478757122013;0.0;0.11116597229628039;0.674441583989897;11
0.5166501962984877;0.0;0.10716489339639891;0.3877473167729593;0.0;0.7558043917730586;30
0.1795748233292999;0.34734036327015005;0.7824729573117303;0.27624134733108446;0.39816371503459885;0.0;22
0.0;0.1846385279247089;0.18222382154594424;0.6871232039086239;0.04736253293032118;0.6769945243440012;23
0.7006862831011749;0.0;0.10943566502088545;0.44590253932740825;0.0035648288228059726;0.5460959488149773;19
0.3278967788770185;0.5435234715152008;0.4659175202525033;0.39047195254145173;0.42584861535001406;0.21487534460435617;30
0.7260544130733149;0.4674688965600405;0.272022021278118;0.03632125444208109;0.2500714229923626;0.34127245687836877;22
0.38631812751309075;0.09762899677178143;0.09078707098964746;0.29293660215391076;0.5777071064774408;0.6429830770161995;44
0.09579640410889724;0.7033898238335182;0.6014802585713459;0.34588197738850884;0.12104941533943504;0.0;24
0.3880786022526004;0.4003329303424415;0.14300798787698055;0.7033366851486925;0.4097405544655628;0.07815013826463381;9
0.20601916227511616;0.6760480822800597;0.0;0.36010106572457007;0.0;0.6089682402924983;15
0.2419824929196548;0.733561218066862;0.5035501342052027;0.35897876907987647;0.0;0.14458187355429536;21
0.7122644744123195;0.23447343306230406;0.4559898262117939;0.4742326972589295;0.02486954640251142;0.0652660752743065;44
0.15755241480958565;0.8175040833606453;0.42967203675345317;0.2597360417561441;0.23405862453951418;0.0;15
0.0;0.22388262906251108;0.43287369410903304;0.4426557087809589;0.13619391589888655;0.7402729726987278;14
0.05166533358804569;0.7613737134871051;0.15224739765460166;0.13669854226850867;0.5841754389439011;0.18577959172056074;5
0.5923314130718725;0.3237596605330931;0.0;0.17329362330526046;0.7121409679963899;0.08454431454967466;22
0.0;0.38800053718581556;0.4119775263031303;0.45637334966536347;0.6866246912833008;0.0;8
0.7069086895530786;0.5724746887321887;0.0;0.3558266411478555;0.1467758121827467;0.15619570353522255;48
0.783510954221906;0.42644426855632894;0.0;0.29691012089854557;0.3407348683914623;0.0;14
0.42595122553150927;0.13339991465372947;0.6955271193069978;0.500464711326897;0.25219870949742296;0.05424874368510544;10
0.12873506675705215;0.16681304115295734;0.42226807772328934;0.43465647287364784;0.03808824884447284;0.7661027335241917;41
0.397044589455139;0.07506097960652529;0.912839282020713;0.050343611290629434;0.03018955658893096;0.0;26
0.0;0.23368914778620203;0.017723105148396825;0.010522976588643679;0.5943569795201282;0.7692231936247647;8
0.9339304413670182;0.13602752088783077;0.2216331987210171;0.12245994057344059;0.08773635553310725;0.1935331091734052;27
0.0;0.20705906436926755;0.09549415367277549;0.8097379843480659;0.239605463894703;0.48468652637821447;2
0.18702886547579523;0.5824724258577905;0.06530942928028322;0.7883405070407468;0.0;0.0;10
0.43858236108875764;0.30675001678382424;0.8005579702868192;0.014049166440659592;0.2685680314715372;0.01818541583270644;66
0.48946759156810976;0.4108741749528447;0.3314586170218306;0.1914091027289953;0.530981502959108;0.4039310253880937;20
0.6774352948241483;0.530050162121634;0.1796208913753137;0.2586643501883852;0.2054693539957761;0.34458624588492404;20
0.4653704872606932;0.0;0.4923747928010165;0.29066160088987797;0.3220817783789647;0.5939499430131112;13
0.11988219757008288;0.3388280582221358;0.26734699927224653;0.39655487389284244;0.7455693913557819;0.29363225693460626;31
0.0;0.18595247281422647;0.008396871346944739;0.21171531229842713;0.16621217108501005;0.9449345538858468;5
0.0;0.1746856216360758;0.42963484218426856;0.5289214280267311;0.5649044372961849;0.4313049219197027;27
0.0;0.09732008233173342;0.7333909017901851;0.5627881449968948;0.3683924260082318;0.0149369025252025;33
0.7253903792046673;0.07458804746782961;0.058184791319199194;0.5035334149258944;0.4197939306418329;0.18731552749501074;13
0.23310343448429374;0.28883658593386974;0.018761947602001724;0.03034666599020738;0.29363752077128785;0.8801933259451828;11
0.646153678885057;0.5065919303553488;0.01838313126927285;0.0;0.3381328211539457;0.4595413965089094;19
0.0;0.31305927089858615;0.22940798986533914;0.556866473407522;0.7324080835577025;0.05332913860539443;8
0.7895169508788951;0.03489280883375495;0.3926943480608459;0.2085273307133465;0.42160761083407555;0.0;33
0.11606595206427274;0.2920506979731284;0.2592492376903516;0.11371791937272674;0.4479970636042261;0.7876495306653354;27
0.0;0.31962341651387033;0.04383211246413785;0.22718539117175265;0.3443233612826327;0.8519083509662876;3
0.6654247698239565;0.1898700412822326;0.38541566959196794;0.12136612647277124;0.0;0.5982342919844936;38
0.24203692835089452;0.6252287856105447;0.739301435740646;0.043087735653567855;0.0;0.045650028548678334;23
0.27044013909532405;0.3613488847470916;0.0;0.21221368207038419;0.4621906648593672;0.7332354718077414;18
0.0;0.27742483717564786;0.3730082140505128;0.402939954076518;0.49019107501463655;0.6174564238500727;22
0.15398768039264044;0.0;0.03233639071568063;0.04688974949170374;0.7282179974301951;0.6653886471334919;11
0.4790550445604129;0.28534516015775413;0.11403817292305583;0.7285472978136766;0.38118044784659105;0.0;26
0.15393904723413818;0.4517318939676281;0.294797467722003;0.348599894126256;0.46123990372866125;0.5925127709655705;11
0.34859724689391375;0.6413626437723149;0.3095388165629739;0.0;0.6068096072214217;0.05569326939539635;10
0.11539493021583931;0.1533723175501078;0.16715283111026488;0.8221488924906073;0.5078790073039757;0.03675575952160349;19
0.12020272981390852;0.14738131774089916;0.0;0.243322935451035;0.9246709514512707;0.22272770719408505;23
0.312382281431473;0.41559440119359126;0.19762219078323948;0.4969470947055434;0.6091783160481807;0.26942427131693975;46
0.4725413205149836;0.6558063738405435;0.583701559029172;0.05354863583602792;0.0;0.05520628608308659;27
0.8258609697363334;0.156342008425374;0.12251204448172165;0.4121466944190354;0.09078237400446003;0.31685216880142797;16
0.11182148290531335;0.0;0.41883828113677807;0.7061472832794751;0.48288576585900544;0.2832804293681872;5
0.0;0.8820366990105393;0.0;0.16273141270511157;0.13413889314522842;0.4213508113951637;0
0.43762444516076054;0.8268785439715504;0.18861396862753513;0.15391615930237446;0.17994698780040316;0.18196259737364748;15
0.004725362588886118;0.0;0.1664150992047648;0.798318304233801;0.5757957932206474;0.05857282082797128;3
0.22959383395459745;0.6303107027384367;0.0;0.32657914169782354;0.6527251589297083;0.13149532513175893;9
0.14476737619472557;0.20848394906179368;0.5205388023452352;0.41187190703771936;0.5787330285648405;0.40005726948471065;58
0.5891785060376618;0.0;0.3083986737800189;0.0;0.21089779330635613;0.7164363661990253;7
0.27499649515560903;0.3242608264644201;0.6797522192751435;0.45711048902223234;0.058659116783576555;0.38049687686929284;53
0.8433777770820271;0.3943048312368385;0.012253023727467453;0.3276048981844667;0.0;0.16050706926034816;29
0.7729637054927747;0.29994888901524347;0.390239384385249;0.2797736418002739;0.0;0.2863524160852043;19
0.19804158512180023;0.6223371201149008;0.24412338562939437;0.31123791537049195;0.618383370552494;0.1860450997429002;10
0.09327425191163262;0.02460147258519986;0.49695717097000186;0.26599607715366985;0.4830513862274595;0.6630502974141902;46
0.6159093387338708;0.0;0.576066415212719;0.15898782984871276;0.4887414945698022;0.1570280012292278;5
0.19988177281405492;0.06355345989970314;0.22099516055688007;0.4858128126170498;0.3410835783577943;0.7448605757547382;14
0.58802532393153;0.0244765262280813;0.2540436601722184;0.3738433238822069;0.6703208977751112;0.0;33
0.0;0.21075918963946214;0.1908871622537903;0.9055076631057015;0.04061651867965391;0.312328073884512;32
0.0;0.470578770570302;0.3692076912156676;0.6841360764710406;0.30834066995368514;0.28129195075412755;17
0.5087465868225338;0.3587385836678132;0.6610409712749118;0.06983291567350905;0.38538708440973246;0.14868938206562385;30
0.06725133129917281;0.40058256017279653;0.17338239345396364;0.746330922525791;0.4863165306062597;0.10693831261509756;7
0.2167282915904964;0.0;0.02875339794979594;0.7863805244307555;0.39115368168046816;0.4252135438040874;7
0.27770144849334083;0.24783396193844803;0.32315533304084326;0.8520708575502733;0.0;0.1760855395976502;15
0.09050317259226713;0.24009272020740188;0.7774841343298836;0.39351178260758535;0.0;0.41812863961759045;67
0.4498453140975193;0.5941189710755396;0.5249253096861716;0.16565646531511596;0.0;0.3763950004221963;26
0.05610643732549654;0.4344670606618395;0.3256244928365189;0.43309758445648555;0.41886135613444553;0.5822720817887735;11
0.2689730124797215;0.3969879172113053;0.32554226949409387;0.09523042073346497;0.17532536879314428;0.7901066541568446;13
0.0;0.4335747854272645;0.27315525193934537;0.7189385868306726;0.2868745092948064;0.37179219742005626;6
0.6903131935945006;0.35120241262030316;0.33630012902687845;0.33063270946480844;0.41857035521487834;0.050076466556607475;22
0.4414517098506918;0.6469329135831335;0.38042181952563603;0.0;0.491810362255151;0.0;26
0.8050522109031176;0.4750207786142156;0.0;0.0;0.0;0.35531140933657995;12
0.126843417988939;0.09870969250126556;0.01601879092967286;0.6885998586510357;0.6743767346703397;0.21203017864795703;9
0.32966624880566625;0.14303267754821464;0.5127338440500294;0.2626539736145652;0.05440315328740508;0.7321331912803404;69
0.32386351285062587;0.640638414197401;0.6874567336918898;0.00246692609945267;0.10931617630188076;0.011915304222966988;40
0.014084429513508164;0.0;0.47990074724634446;0.0417396832789014;0.3084732372430366;0.8201213095525914;15
0.045796573802610784;0.6882608188545806;0.5523633686667893;0.008645361697359551;0.006735006648158605;0.46794692585720893;6
0.6525287661245127;0.16840909442562182;0.48129837987034113;0.5348846692891586;0.16761517350280436;0.0;33
0.29387056328766586;0.22578481953535856;0.5797671092026059;0.03785302715146011;0.174331710970574;0.7033541137099949;64
0.5351780128602445;0.0;0.0;0.4498689628192336;0.5675222509511233;0.434880334710915;5
0.14701299681849642;0.25622549708013503;0.580263372931445;0.4255873958874152;0.5383824167277199;0.32411392019920054;36
0.1784352963634479;0.42825564865807025;0.0;0.0;0.8819489045760222;0.08321102163354796;12
0.009100634283940524;0.0;0.8266428046876565;0.3437665509296561;0.13194669574312107;0.42543328484987547;3
0.024983638826289227;0.23426609548637473;0.6257478365377322;0.685171975531074;0.264148849288929;0.11704532767733128;21
0.3544467769548241;0.3540682432682596;0.0;0.60748217621361;0.35671578336638393;0.5027150454236967;30
0.3699379704607583;0.6048785681918777;0.2953104036772189;0.6399508302151895;0.022858611952764955;0.0;8
0.843256660292561;0.3521641723646723;0.255837506630515;0.17570952161719752;0.26186243485669836;0.0;12
0.10748999435864266;0.7756753705580556;0.0;0.36133456986633655;0.009233499712688139;0.5060886204262726;7
0.1469448400587405;0.4258898716929906;0.0;0.6657502399029478;0.0;0.5948122806723198;9
0.13443028759848522;0.46837071788928053;0.27649929174802407;0.7647684967348122;0.0;0.31817394058106846;27
0.11139319386799182;0.17418358491399025;0.9108234084177314;0.29087907528334084;0.0;0.20746497860365296;98
0.22938588890383624;0.7790244088568257;0.0;0.0;0.5751894711511123;0.09828609593413448;8
0.39723219674754773;0.28680970449981047;0.4775177483246279;0.6320884176454347;0.0;0.3638513536944955;58
0.0;0.37018880954154265;0.0;0.928248724242172;0.0;0.036256740518083384;10
0.43603896818570237;0.1095594035768259;0.6823779589213845;0.0;0.12386537386709849;0.5629249023151202;46
0.07330758344280394;0.1812245319766597;0.6263105865020159;0.04303507669726136;0.18747686492702093;0.7297390792234677;27
0.5977138549584105;0.3600876067809816;0.0;0.7123588073705921;0.07496660986765602;0.0;19
0.78839333720902;0.12970151738899507;0.03330168354027744;0.46838558345096626;0.12527230001029685;0.3541556948154697;26
0.1075456709129036;0.0;0.8174211700298284;0.565912148177577;0.0;0.0;0
0.7192080920866339;0.4050124124872581;0.5645393396463659;0.0;0.0;0.0;79
0.5782957716338936;0.2245723232656176;0.5134075700314208;0.28596727413078904;0.497298237927944;0.1499037019150716;37
0.5403101874793621;0.33390778147507144;0.7320906436077588;0.0;0.23560614198009974;0.07143899621105504;79
0.0;0.47667978427537316;0.2545583099961242;0.4542601078021131;0.7082543360507675;0.0;19
0.15118435041520753;0.0;0.5292391308692962;0.1054004786109334;0.4555597586631644;0.6916684754574184;31
0.6127024436644569;0.6062708812452009;0.0011803403930696333;0.2536207551288954;0.42888954263251694;0.09359601309161869;18
0.09377947072053322;0.44184754826912703;0.121718558329513;0.7474614003824486;0.3937206056954746;0.2597042300526132;22
0.36515292742834515;0.4147552026760895;0.0;0.1944996147381888;0.8083786172563606;0.057752683686701306;22
0.5333678975033018;0.07952741301193832;0.3200392883492235;0.7518996466506871;0.2019220443326636;0.025364143678588167;12
0.4845745359956613;0.0;0.14918783823716433;0.10725082496792039;0.8037719374969486;0.29219589494517767;14
0.18170041636428902;0.7182993420974603;0.0;0.3673478006299145;0.14541620957592927;0.5430844623079671;7
0.8389849746336452;0.0;0.5117627333864191;0.0;0.18494084745086203;0.0;0
0.0;0.3143363839134428;0.7008139197237865;0.22934073978788316;0.5978756666257202;0.0;22
0.11039527077279801;0.21685337089313572;0.03191108548901157;0.0;0.32616430381108064;0.9128997914698145;10
0.5675240938703605;0.0;0.032709970624439526;0.2913757950812571;0.769380664391262;0.0;0
0.0;0.5422837024492976;0.5027554589504002;0.05587184313530444;0.6460858174424388;0.18060118548296913;6
0.060487222589987004;0.0;0.0;0.8948391797528917;0.30246730534855165;0.32267269403794874;4
0.6779437398781664;0.26622812884861324;0.3135473368189753;0.0;0.0;0.6092642583834205;23
0.08574938759841869;0.0;0.7046931017067083;0.3522460997815605;0.47078592336109104;0.3877344123071861;20
0.24189219459753677;0.4809163950094883;0.0800705227075986;0.8166674011298741;0.026123708239470553;0.19017940581670137;26
0.49216216790576195;0.7906361806647645;0.10510113803892301;0.14937535837125812;0.09706251230281066;0.299817364583813;18
0.4718655146811346;0.23544371388565327;0.22808013664585555;0.6265037001049514;0.05871970491427213;0.523386811950428;32
0.7247396483644615;0.29002280970188205;0.2534079800818002;0.3056472817696926;0.017884873376549815;0.4823727583758723;50
0.8514462299191754;0.19969312301753991;0.23828420282119958;0.3966687759658711;0.14503963263717862;0.0;19
0.0;0.07434249109336562;0.0;0.012820221201582176;0.3506093947371647;0.9334783812539069;7
0.5560899733564911;0.05498093049349443;0.5062744476716294;0.26710403098493735;0.3549519795745933;0.48383029181409065;24
0.04392736132904371;0.3007536367502432;0.22765189610753342;0.6076219768609062;0.17525363298825924;0.675184381089252;22
0.3405321124297853;0.42693806617006946;0.7936117088280923;0.11978875741301885;0.21372808288602624;0.10914753251142932;59
0.0;0.02016122532698966;0.44258832033372314;0.8428540288682839;0.24411174687908818;0.1836182037643059;12
0.1771578056012638;0.7673846787636767;0.2702945414998582;0.05962369903679409;0.37265538064158105;0.40527732399030547;16
0.17480641643491057;0.6969165058955977;0.4604582144808202;0.23516263264387863;0.4651450346361894;0.008183291629256162;18
0.6885272020764805;0.5049595648458008;0.12573178978516422;0.47090624359538114;0.16746000833738217;0.07308968640939421;20
0.06133015038975215;0.010945100365268788;0.0;0.892136867628998;0.4311646837950671;0.11961455720849522;23
0.24229472097804727;0.0;0.592460436425943;0.66856658403148;0.08591877477278934;0.36867409227415493;5
0.0;0.4522256659297003;0.0;0.7362042797099333;0.042167201640975635;0.5017141942550426;4
0.3915304963310043;0.0;0.26914582534802284;0.839102034483599;0.20163879990118366;0.17179628994953497;5
0.3743941644485792;0.4382361750354704;0.609028764717799;0.24903711962220584;0.03160029371957149;0.48357415434507506;33
0.29183939303491674;0.6229666405138011;0.6165534628262512;0.3812516795062864;0.0;0.03537397108827761;59
0.31940626956881996;0.15427504018548957;0.4272650753731817;0.30981479233767756;0.7033834399763618;0.3176317570993605;29
0.4163945617890579;0.5233286816315394;0.0;0.09520566638633457;0.4522023240173726;0.5824015789260142;18
0.5952737530812628;0.02231493642673024;0.6736275023327555;0.0;0.43746678800310335;0.0;44
0.40492370647800924;0.024118255264140822;0.12841439154219275;0.0;0.0;0.904966764991938;39
0.0;0.5934481165804647;0.7488779843005362;0.19802232010394605;0.0;0.21860525679341578;30
0.08310746569817613;0.23880078122512446;0.3270536064274692;0.0;0.7053874565105784;0.5757879911493637;17
0.06433656879918251;0.03565420198895689;0.0;0.09485983060262401;0.6946945507582835;0.7092183567001541;5
0.2582926636744609;0.16378759007574137;0.11528534553900706;0.8840660278529809;0.1788657030447391;0.28213849968348537;22
0.009105210164191408;0.6324914217804188;0.1864596510973148;0.5357616515449608;0.3593227557186649;0.3859418414622577;6
0.3658839672929852;0.11007309132015673;0.0;0.08170499878288952;0.0;0.9205091690032523;8
0.20818026863143707;0.01617478246360187;0.10057301156954812;0.005357493759450982;0.9727567623867988;0.0;73
0.3055460292297315;0.44593076586408853;0.463590598326532;0.660012806250563;0.14112461692612638;0.19323061689020898;39
0.0;0.04588916406945931;0.3354255735393273;0.5719536952873722;0.32161685662089295;0.6744000572518033;15
0.5777159394944019;0.0;0.40809830669809105;0.07237021846059957;0.5373136187918189;0.45360411358921365;14
0.05887909563744376;0.5217414566684387;0.06653959248936504;0.18144076597287997;0.804444967181103;0.19959742067955305;9
0.7081353341364455;0.47652403212712524;0.10138369499053206;0.22819887335599448;0.23497191195335349;0.3923060240869089;20
0.5597776714703386;0.004598504228886;0.5005886595217106;0.5438546278991947;0.3203684419780229;0.19397167663749793;26
0.4591734663522133;0.0;0.0;0.2999287573964191;0.8339230263656109;0.061439843602937826;5
0.1086148382460651;0.20269427766440645;0.6977450016802189;0.0;0.3781545672045572;0.563266262656917;23
0.7667662547408027;0.327976574971858;0.34095686562675914;0.11395082853607984;0.0;0.4186460334440167;48
0.0;0.6205043148008327;0.36854412575680706;0.19917879911250017;0.5003381551493737;0.4349013211862243;15
0.531378779350674;0.43678702543544784;0.14200576665174028;0.1814469771493862;0.010239654125895408;0.6882297534046496;18
0.0;0.4772889765551462;0.21432730711530307;0.0;0.8518080385621929;0.026117115546575833;8
0.15346222496084175;0.0;0.7867749141853343;0.5103256031726353;0.31145201663372435;0.0;0
0.379408492205587;0.0385545822063335;0.5981018395449489;0.5728506566386433;0.16271191828508388;0.3770993060226837;32
0.6303954477342691;0.0;0.4328262114652399;0.39907451825267326;0.482812146663409;0.15131097138088018;5
0.16034684728336593;0.6419461160955277;0.0;0.6456087239420344;0.36589213275017785;0.10726786731177611;6
0.5853481576814789;0.12252948278579111;0.7056978677344871;0.0;0.3750157639961584;0.06089134894647484;76
0.5864218932957397;0.3905154132962552;0.20218233914476885;0.10776917730571128;0.6662236038516418;0.08521320832609106;26
0.37653980294452233;0.0;0.8046865614582674;0.33920653972726167;0.22707064381671813;0.20994085055055173;5
0.3632726134957829;0.4817635956989373;0.0;0.0;0.7425530282123556;0.2907780019806091;22
0.5708975800275558;0.11660273483681406;0.3067815477312701;0.2966143974110006;0.6252601655528603;0.29569318886335794;16
0.6027933911236654;0.5174558282656444;0.001274614603248791;0.2900428765855179;0.2635914275015541;0.463974846148853;11
0.07860612878506867;0.3682722354937709;0.12195076271671476;0.2015719042738689;0.7218165231276333;0.5307299905808963;11
0.3247383754509011;0.09952022854747551;0.14604416828310743;0.0;0.9223329117874707;0.11231122990827336;80
0.14084943698264712;0.12435727747380024;0.3377320434536749;0.23575665657249104;0.16776088982534992;0.8757333231026144;35
0.14698694309261717;0.0;0.35492217279668686;0.5939203749389718;0.6068682718467072;0.36248390126419266;5
0.0;0.4835778476705756;0.5267410108496736;0.4543642368650708;0.4175631353078077;0.3284669557524667;24
0.5274883734451568;0.04805672278852925;0.7192536933048165;0.2238344444807758;0.3726786688983467;0.1145837822491879;28
0.47964934423552064;0.740050496853133;0.44760335427577874;0.0;0.09877809852131873;0.1102537671712429;23
0.8349841001449371;0.31594895115089716;0.15370946503479177;0.4234987758311891;0.0;0.0;26
0.03552455178418594;0.30694693500766096;0.032107114939685;0.8094305991945158;0.45525884355293333;0.20261344707259277;17
0.22373914141685622;0.5724144334858318;0.3870325329567575;0.28436494743136853;0.03369364290466867;0.6248917077929473;19
0.4058808688240491;0.0;0.5703010483839617;0.6474251943516226;0.0;0.3014266946598345;5