
0.5449486929016301;0.8693916864255103;0.3094925633203426;0.03600708894768112;0.30174831127099666;0.8323768270464196;9
0.49766915777391735;0.3703638194919409;0.301269564840347;0.23126896546758433;0.3050428283469156;0.6147001207080702;66
0.5259754746094337;0.39991005651934175;0.5555209927459338;0.23672351503827796;0.15465718044454274;0.4181642110314034;83
0.5678330599343822;0.38048012373841134;0.5532873441132928;0.39121235602507626;0.017524277444345385;0.2707755500834239;118
0.4265634724533997;0.3348369874800638;0.6143370765690779;0.31050716272668705;0.3163038148940926;0.36339365805583146;128
0.34812871469522977;0.36778625146123434;0.6950986358214899;0.20931480282327786;0.43474271561319533;0.16602301726014246;189
0.34812871469522977;0.36778625146123434;0.6950986358214899;0.20931480282327786;0.43474271561319533;0.16602301726014246;189
0.34812871469522977;0.36778625146123434;0.6950986358214899;0.20931480282327786;0.43474271561319533;0.16602301726014246;189
0.4001166548541251;0.3658043790166795;0.6560855793764643;0.18497251738063464;0.46600372188479594;0.15579226661873927;247
0.4001166548541251;0.3658043790166795;0.6560855793764643;0.18497251738063464;0.46600372188479594;0.15579226661873927;247
0.4001166548541251;0.3658043790166795;0.6560855793764643;0.18497251738063464;0.46600372188479594;0.15579226661873927;247
0.4001166548541251;0.3658043790166795;0.6560855793764643;0.18497251738063464;0.46600372188479594;0.15579226661873927;247
0.4001166548541251;0.3658043790166795;0.6560855793764643;0.18497251738063464;0.46600372188479594;0.15579226661873927;247
0.4001166548541251;0.3658043790166795;0.6560855793764643;0.18497251738063464;0.46600372188479594;0.15579226661873927;247
0.4001166548541251;0.3658043790166795;0.6560855793764643;0.18497251738063464;0.46600372188479594;0.15579226661873927;247
0.4001166548541251;0.3658043790166795;0.6560855793764643;0.18497251738063464;0.46600372188479594;0.15579226661873927;247
0.4001166548541251;0.3658043790166795;0.6560855793764643;0.18497251738063464;0.46600372188479594;0.15579226661873927;247
0.4001166548541251;0.3658043790166795;0.6560855793764643;0.18497251738063464;0.46600372188479594;0.15579226661873927;247
0.4001166548541251;0.3658043790166795;0.6560855793764643;0.18497251738063464;0.46600372188479594;0.15579226661873927;247
0.4001166548541251;0.3658043790166795;0.6560855793764643;0.18497251738063464;0.46600372188479594;0.15579226661873927;247
0.4001166548541251;0.3658043790166795;0.6560855793764643;0.18497251738063464;0.46600372188479594;0.15579226661873927;247
0.4001166548541251;0.3658043790166795;0.6560855793764643;0.18497251738063464;0.46600372188479594;0.15579226661873927;247
0.4001166548541251;0.3658043790166795;0.6560855793764643;0.18497251738063464;0.46600372188479594;0.15579226661873927;247
0.4001166548541251;0.3658043790166795;0.6560855793764643;0.18497251738063464;0.46600372188479594;0.15579226661873927;247